Year Mon Day DOY hour Heit(km) Lat  Lon Oden(cm-3) N2den(cm-3) O2den(cm-3) air(gm/cm3) T(K) exoT(K) Heden(cm-3)Arden(cm-3) Hden(cm-3) Nden(cm-3) F107 F107a apdaily  ap0-3 ap3-6 ap6-9 ap9-12 ap12-33 ap33-59
2023  6 22 173  0.00    0.0   55.0   45.0  9.999E-38  1.957E+19  5.248E+18 1.205E-03  289.8  1128  1.303E+14  2.339E+17  9.999E-38  9.999E-38  176.4  165.6    9.0    3.0   12.0    5.0    3.0    6.6   10.9
2023  6 22 173  0.00    5.0   55.0   45.0  9.999E-38  1.169E+19  3.135E+18 7.196E-04  260.5  1128  7.785E+13  1.397E+17  9.999E-38  9.999E-38  176.4  165.6    9.0    3.0   12.0    5.0    3.0    6.6   10.9
2023  6 22 173  0.00   10.0   55.0   45.0  9.999E-38  6.623E+18  1.776E+18 4.077E-04  227.3  1128  4.411E+13  7.916E+16  9.999E-38  9.999E-38  176.4  165.6    9.0    3.0   12.0    5.0    3.0    6.6   10.9
2023  6 22 173  0.00   15.0   55.0   45.0  9.999E-38  3.164E+18  8.484E+17 1.948E-04  221.8  1128  2.107E+13  3.781E+16  9.999E-38  9.999E-38  176.4  165.6    9.0    3.0   12.0    5.0    3.0    6.6   10.9
2023  6 22 173  0.00   20.0   55.0   45.0  9.999E-38  1.474E+18  3.954E+17 9.076E-05  220.5  1128  9.818E+12  1.762E+16  9.999E-38  9.999E-38  176.4  165.6    9.0    3.0   12.0    5.0    3.0    6.6   10.9
2023  6 22 173  0.00   25.0   55.0   45.0  9.999E-38  6.722E+17  1.802E+17 4.138E-05  225.4  1128  4.476E+12  8.033E+15  9.999E-38  9.999E-38  176.4  165.6    9.0    3.0   12.0    5.0    3.0    6.6   10.9
2023  6 22 173  0.00   30.0   55.0   45.0  9.999E-38  3.095E+17  8.299E+16 1.905E-05  233.9  1128  2.061E+12  3.699E+15  9.999E-38  9.999E-38  176.4  165.6    9.0    3.0   12.0    5.0    3.0    6.6   10.9
2023  6 22 173  0.00   35.0   55.0   45.0  9.999E-38  1.456E+17  3.903E+16 8.961E-06  245.2  1128  9.694E+11  1.740E+15  9.999E-38  9.999E-38  176.4  165.6    9.0    3.0   12.0    5.0    3.0    6.6   10.9
2023  6 22 173  0.00   40.0   55.0   45.0  9.999E-38  7.062E+16  1.894E+16 4.347E-06  258.3  1128  4.703E+11  8.440E+14  9.999E-38  9.999E-38  176.4  165.6    9.0    3.0   12.0    5.0    3.0    6.6   10.9
2023  6 22 173  0.00   45.0   55.0   45.0  9.999E-38  3.586E+16  9.617E+15 2.208E-06  268.2  1128  2.388E+11  4.286E+14  9.999E-38  9.999E-38  176.4  165.6    9.0    3.0   12.0    5.0    3.0    6.6   10.9
2023  6 22 173  0.00   50.0   55.0   45.0  9.999E-38  1.904E+16  5.105E+15 1.172E-06  270.9  1128  1.268E+11  2.275E+14  9.999E-38  9.999E-38  176.4  165.6    9.0    3.0   12.0    5.0    3.0    6.6   10.9
2023  6 22 173  0.00   55.0   55.0   45.0  2.729E+09  1.040E+16  2.789E+15 6.404E-07  265.2  1128  6.927E+10  1.243E+14  9.999E-38  9.999E-38  176.4  165.6    9.0    3.0   12.0    5.0    3.0    6.6   10.9
2023  6 22 173  0.00   60.0   55.0   45.0  2.955E+09  5.726E+15  1.536E+15 3.525E-07  251.9  1128  3.813E+10  6.843E+13  9.999E-38  9.999E-38  176.4  165.6    9.0    3.0   12.0    5.0    3.0    6.6   10.9
2023  6 22 173  0.00   65.0   55.0   45.0  2.663E+09  3.096E+15  8.302E+14 1.906E-07  233.8  1128  2.062E+10  3.700E+13  9.999E-38  9.999E-38  176.4  165.6    9.0    3.0   12.0    5.0    3.0    6.6   10.9
2023  6 22 173  0.00   70.0   55.0   45.0  2.891E+09  1.612E+15  4.323E+14 9.924E-08  211.7  1128  1.074E+10  1.927E+13  9.999E-38  9.999E-38  176.4  165.6    9.0    3.0   12.0    5.0    3.0    6.6   10.9
2023  6 22 173  0.00   75.0   55.0   45.0  1.647E+09  7.788E+14  2.088E+14 4.794E-08  191.1  1128  5.186E+09  9.307E+12  9.999E-38  9.999E-38  176.4  165.6    9.0    3.0   12.0    5.0    3.0    6.6   10.9
2023  6 22 173  0.00   80.0   55.0   45.0  1.715E+09  3.487E+14  9.341E+13 2.146E-08  168.2  1128  2.359E+09  4.163E+12  2.755E+08  9.999E-38  176.4  165.6    9.0    3.0   12.0    5.0    3.0    6.6   10.9
2023  6 22 173  0.00   85.0   55.0   45.0  2.510E+10  1.328E+14  3.535E+13 8.161E-09  158.9  1128  9.559E+08  1.576E+12  3.165E+08  9.999E-38  176.4  165.6    9.0    3.0   12.0    5.0    3.0    6.6   10.9
2023  6 22 173  0.00   90.0   55.0   45.0  2.792E+11  4.613E+13  1.201E+13 2.826E-09  165.4  1128  3.794E+08  5.318E+11  1.606E+08  9.999E-38  176.4  165.6    9.0    3.0   12.0    5.0    3.0    6.6   10.9
2023  6 22 173  0.00   95.0   55.0   45.0  7.553E+11  1.647E+13  4.123E+12 1.017E-09  180.1  1128  1.751E+08  1.797E+11  8.014E+07  4.030E+04  176.4  165.6    9.0    3.0   12.0    5.0    3.0    6.6   10.9
2023  6 22 173  0.00  100.0   55.0   45.0  4.503E+11  6.376E+12  1.481E+12 3.914E-10  196.0  1128  9.596E+07  6.238E+10  4.224E+07  7.294E+04  176.4  165.6    9.0    3.0   12.0    5.0    3.0    6.6   10.9
2023  6 22 173  0.00  105.0   55.0   45.0  1.310E+11  2.597E+12  5.358E+11 1.542E-10  220.1  1128  5.912E+07  2.152E+10  2.253E+07  1.309E+05  176.4  165.6    9.0    3.0   12.0    5.0    3.0    6.6   10.9
2023  6 22 173  0.00  110.0   55.0   45.0  6.568E+10  1.108E+12  1.973E+11 6.427E-11  263.4  1128  3.864E+07  7.643E+09  1.202E+07  2.297E+05  176.4  165.6    9.0    3.0   12.0    5.0    3.0    6.6   10.9
2023  6 22 173  0.00  115.0   55.0   45.0  4.170E+10  5.158E+11  7.848E+10 2.947E-11  327.2  1128  2.585E+07  2.982E+09  6.448E+06  3.945E+05  176.4  165.6    9.0    3.0   12.0    5.0    3.0    6.6   10.9
2023  6 22 173  0.00  120.0   55.0   45.0  2.890E+10  2.707E+11  3.529E+10 1.532E-11  401.1  1128  1.831E+07  1.329E+09  3.687E+06  6.695E+05  176.4  165.6    9.0    3.0   12.0    5.0    3.0    6.6   10.9
2023  6 22 173  0.00  125.0   55.0   45.0  2.122E+10  1.585E+11  1.787E+10 8.929E-12  475.8  1128  1.365E+07  6.691E+08  2.267E+06  1.109E+06  176.4  165.6    9.0    3.0   12.0    5.0    3.0    6.6   10.9
2023  6 22 173  0.00  130.0   55.0   45.0  1.628E+10  1.014E+11  1.000E+10 5.707E-12  544.1  1128  1.070E+07  3.742E+08  1.487E+06  1.768E+06  176.4  165.6    9.0    3.0   12.0    5.0    3.0    6.6   10.9
2023  6 22 173  0.00  135.0   55.0   45.0  1.288E+10  6.918E+10  6.028E+09 3.896E-12  605.1  1128  8.718E+06  2.255E+08  1.026E+06  2.694E+06  176.4  165.6    9.0    3.0   12.0    5.0    3.0    6.6   10.9
2023  6 22 173  0.00  140.0   55.0   45.0  1.045E+10  4.940E+10  3.838E+09 2.789E-12  659.7  1128  7.301E+06  1.434E+08  7.364E+05  3.920E+06  176.4  165.6    9.0    3.0   12.0    5.0    3.0    6.6   10.9
2023  6 22 173  0.00  145.0   55.0   45.0  8.645E+09  3.650E+10  2.553E+09 2.070E-12  708.5  1128  6.248E+06  9.504E+07  5.457E+05  5.456E+06  176.4  165.6    9.0    3.0   12.0    5.0    3.0    6.6   10.9
2023  6 22 173  0.00  150.0   55.0   45.0  7.264E+09  2.770E+10  1.759E+09 1.579E-12  752.2  1128  5.440E+06  6.517E+07  4.157E+05  7.254E+06  176.4  165.6    9.0    3.0   12.0    5.0    3.0    6.6   10.9
2023  6 22 173  0.00  155.0   55.0   45.0  6.180E+09  2.146E+10  1.249E+09 1.232E-12  791.2  1128  4.806E+06  4.591E+07  3.247E+05  9.226E+06  176.4  165.6    9.0    3.0   12.0    5.0    3.0    6.6   10.9
2023  6 22 173  0.00  160.0   55.0   45.0  5.315E+09  1.692E+10  9.092E+08 9.790E-13  826.2  1128  4.299E+06  3.307E+07  2.596E+05  1.125E+07  176.4  165.6    9.0    3.0   12.0    5.0    3.0    6.6   10.9
2023  6 22 173  0.00  165.0   55.0   45.0  4.613E+09  1.353E+10  6.767E+08 7.896E-13  857.5  1128  3.887E+06  2.426E+07  2.122E+05  1.318E+07  176.4  165.6    9.0    3.0   12.0    5.0    3.0    6.6   10.9
2023  6 22 173  0.00  170.0   55.0   45.0  4.036E+09  1.094E+10  5.133E+08 6.449E-13  885.5  1128  3.549E+06  1.807E+07  1.771E+05  1.489E+07  176.4  165.6    9.0    3.0   12.0    5.0    3.0    6.6   10.9
2023  6 22 173  0.00  175.0   55.0   45.0  3.555E+09  8.935E+09  3.958E+08 5.324E-13  910.6  1128  3.268E+06  1.364E+07  1.508E+05  1.627E+07  176.4  165.6    9.0    3.0   12.0    5.0    3.0    6.6   10.9
2023  6 22 173  0.00  180.0   55.0   45.0  3.151E+09  7.358E+09  3.097E+08 4.436E-13  933.0  1128  3.033E+06  1.041E+07  1.308E+05  1.727E+07  176.4  165.6    9.0    3.0   12.0    5.0    3.0    6.6   10.9
2023  6 22 173  0.00  185.0   55.0   45.0  2.807E+09  6.103E+09  2.453E+08 3.725E-13  953.1  1128  2.834E+06  8.020E+06  1.154E+05  1.788E+07  176.4  165.6    9.0    3.0   12.0    5.0    3.0    6.6   10.9
2023  6 22 173  0.00  190.0   55.0   45.0  2.512E+09  5.094E+09  1.964E+08 3.150E-13  971.2  1128  2.664E+06  6.230E+06  1.035E+05  1.811E+07  176.4  165.6    9.0    3.0   12.0    5.0    3.0    6.6   10.9
2023  6 22 173  0.00  195.0   55.0   45.0  2.256E+09  4.273E+09  1.586E+08 2.679E-13  987.3  1128  2.519E+06  4.874E+06  9.408E+04  1.804E+07  176.4  165.6    9.0    3.0   12.0    5.0    3.0    6.6   10.9
2023  6 22 173  0.00  200.0   55.0   45.0  2.034E+09  3.602E+09  1.292E+08 2.291E-13 1001.8  1128  2.392E+06  3.837E+06  8.661E+04  1.770E+07  176.4  165.6    9.0    3.0   12.0    5.0    3.0    6.6   10.9
2023  6 22 173  0.00  205.0   55.0   45.0  1.839E+09  3.048E+09  1.059E+08 1.969E-13 1014.7  1128  2.282E+06  3.037E+06  8.062E+04  1.717E+07  176.4  165.6    9.0    3.0   12.0    5.0    3.0    6.6   10.9
2023  6 22 173  0.00  210.0   55.0   45.0  1.667E+09  2.589E+09  8.734E+07 1.699E-13 1026.4  1128  2.184E+06  2.415E+06  7.577E+04  1.650E+07  176.4  165.6    9.0    3.0   12.0    5.0    3.0    6.6   10.9
2023  6 22 173  0.00  215.0   55.0   45.0  1.515E+09  2.206E+09  7.238E+07 1.472E-13 1036.8  1128  2.098E+06  1.928E+06  7.182E+04  1.574E+07  176.4  165.6    9.0    3.0   12.0    5.0    3.0    6.6   10.9
2023  6 22 173  0.00  220.0   55.0   45.0  1.379E+09  1.885E+09  6.024E+07 1.280E-13 1046.1  1128  2.020E+06  1.545E+06  6.856E+04  1.493E+07  176.4  165.6    9.0    3.0   12.0    5.0    3.0    6.6   10.9
2023  6 22 173  0.00  225.0   55.0   45.0  1.258E+09  1.614E+09  5.032E+07 1.116E-13 1054.5  1128  1.950E+06  1.243E+06  6.586E+04  1.409E+07  176.4  165.6    9.0    3.0   12.0    5.0    3.0    6.6   10.9
2023  6 22 173  0.00  230.0   55.0   45.0  1.149E+09  1.385E+09  4.218E+07 9.762E-14 1062.0  1128  1.886E+06  1.002E+06  6.359E+04  1.326E+07  176.4  165.6    9.0    3.0   12.0    5.0    3.0    6.6   10.9
2023  6 22 173  0.00  235.0   55.0   45.0  1.052E+09  1.192E+09  3.544E+07 8.561E-14 1068.8  1128  1.828E+06  8.100E+05  6.169E+04  1.245E+07  176.4  165.6    9.0    3.0   12.0    5.0    3.0    6.6   10.9
2023  6 22 173  0.00  240.0   55.0   45.0  9.636E+08  1.027E+09  2.986E+07 7.527E-14 1074.8  1128  1.774E+06  6.563E+05  6.007E+04  1.166E+07  176.4  165.6    9.0    3.0   12.0    5.0    3.0    6.6   10.9
2023  6 22 173  0.00  245.0   55.0   45.0  8.839E+08  8.859E+08  2.521E+07 6.633E-14 1080.2  1128  1.725E+06  5.329E+05  5.868E+04  1.091E+07  176.4  165.6    9.0    3.0   12.0    5.0    3.0    6.6   10.9
2023  6 22 173  0.00  250.0   55.0   45.0  8.116E+08  7.656E+08  2.132E+07 5.859E-14 1085.1  1128  1.678E+06  4.335E+05  5.749E+04  1.019E+07  176.4  165.6    9.0    3.0   12.0    5.0    3.0    6.6   10.9
2023  6 22 173  0.00  255.0   55.0   45.0  7.460E+08  6.624E+08  1.807E+07 5.185E-14 1089.5  1128  1.635E+06  3.532E+05  5.645E+04  9.520E+06  176.4  165.6    9.0    3.0   12.0    5.0    3.0    6.6   10.9
2023  6 22 173  0.00  260.0   55.0   45.0  6.862E+08  5.739E+08  1.533E+07 4.598E-14 1093.4  1128  1.594E+06  2.883E+05  5.554E+04  8.887E+06  176.4  165.6    9.0    3.0   12.0    5.0    3.0    6.6   10.9
2023  6 22 173  0.00  265.0   55.0   45.0  6.317E+08  4.977E+08  1.303E+07 4.084E-14 1096.9  1128  1.555E+06  2.356E+05  5.474E+04  8.294E+06  176.4  165.6    9.0    3.0   12.0    5.0    3.0    6.6   10.9
2023  6 22 173  0.00  270.0   55.0   45.0  5.819E+08  4.320E+08  1.108E+07 3.635E-14 1100.1  1128  1.518E+06  1.928E+05  5.402E+04  7.740E+06  176.4  165.6    9.0    3.0   12.0    5.0    3.0    6.6   10.9
2023  6 22 173  0.00  275.0   55.0   45.0  5.364E+08  3.753E+08  9.437E+06 3.240E-14 1103.0  1128  1.483E+06  1.579E+05  5.338E+04  7.222E+06  176.4  165.6    9.0    3.0   12.0    5.0    3.0    6.6   10.9
2023  6 22 173  0.00  280.0   55.0   45.0  4.948E+08  3.264E+08  8.044E+06 2.893E-14 1105.5  1128  1.450E+06  1.295E+05  5.280E+04  6.739E+06  176.4  165.6    9.0    3.0   12.0    5.0    3.0    6.6   10.9
2023  6 22 173  0.00  285.0   55.0   45.0  4.566E+08  2.840E+08  6.863E+06 2.587E-14 1107.8  1128  1.418E+06  1.063E+05  5.228E+04  6.289E+06  176.4  165.6    9.0    3.0   12.0    5.0    3.0    6.6   10.9
2023  6 22 173  0.00  290.0   55.0   45.0  4.216E+08  2.473E+08  5.860E+06 2.317E-14 1109.9  1128  1.387E+06  8.732E+04  5.179E+04  5.870E+06  176.4  165.6    9.0    3.0   12.0    5.0    3.0    6.6   10.9
2023  6 22 173  0.00  295.0   55.0   45.0  3.894E+08  2.155E+08  5.007E+06 2.078E-14 1111.7  1128  1.357E+06  7.180E+04  5.135E+04  5.480E+06  176.4  165.6    9.0    3.0   12.0    5.0    3.0    6.6   10.9
2023  6 22 173  0.00  300.0   55.0   45.0  3.598E+08  1.879E+08  4.282E+06 1.866E-14 1113.4  1128  1.329E+06  5.908E+04  5.093E+04  5.117E+06  176.4  165.6    9.0    3.0   12.0    5.0    3.0    6.6   10.9
2023  6 22 173  0.00  305.0   55.0   45.0  3.326E+08  1.639E+08  3.663E+06 1.678E-14 1114.9  1128  1.301E+06  4.865E+04  5.055E+04  4.779E+06  176.4  165.6    9.0    3.0   12.0    5.0    3.0    6.6   10.9
2023  6 22 173  0.00  310.0   55.0   45.0  3.076E+08  1.430E+08  3.136E+06 1.511E-14 1116.2  1128  1.275E+06  4.009E+04  5.018E+04  4.464E+06  176.4  165.6    9.0    3.0   12.0    5.0    3.0    6.6   10.9
2023  6 22 173  0.00  315.0   55.0   45.0  2.846E+08  1.249E+08  2.687E+06 1.362E-14 1117.5  1128  1.249E+06  3.306E+04  4.984E+04  4.171E+06  176.4  165.6    9.0    3.0   12.0    5.0    3.0    6.6   10.9
2023  6 22 173  0.00  320.0   55.0   45.0  2.633E+08  1.091E+08  2.303E+06 1.229E-14 1118.6  1128  1.224E+06  2.727E+04  4.951E+04  3.897E+06  176.4  165.6    9.0    3.0   12.0    5.0    3.0    6.6   10.9
2023  6 22 173  0.00  325.0   55.0   45.0  2.437E+08  9.536E+07  1.974E+06 1.111E-14 1119.5  1128  1.199E+06  2.251E+04  4.919E+04  3.643E+06  176.4  165.6    9.0    3.0   12.0    5.0    3.0    6.6   10.9
2023  6 22 173  0.00  330.0   55.0   45.0  2.256E+08  8.337E+07  1.694E+06 1.005E-14 1120.4  1128  1.175E+06  1.860E+04  4.889E+04  3.405E+06  176.4  165.6    9.0    3.0   12.0    5.0    3.0    6.6   10.9
2023  6 22 173  0.00  335.0   55.0   45.0  2.090E+08  7.292E+07  1.453E+06 9.104E-15 1121.2  1128  1.152E+06  1.537E+04  4.860E+04  3.184E+06  176.4  165.6    9.0    3.0   12.0    5.0    3.0    6.6   10.9
2023  6 22 173  0.00  340.0   55.0   45.0  1.936E+08  6.380E+07  1.248E+06 8.254E-15 1121.9  1128  1.130E+06  1.271E+04  4.832E+04  2.978E+06  176.4  165.6    9.0    3.0   12.0    5.0    3.0    6.6   10.9
2023  6 22 173  0.00  345.0   55.0   45.0  1.793E+08  5.584E+07  1.072E+06 7.492E-15 1122.6  1128  1.108E+06  1.051E+04  4.805E+04  2.785E+06  176.4  165.6    9.0    3.0   12.0    5.0    3.0    6.6   10.9
2023  6 22 173  0.00  350.0   55.0   45.0  1.662E+08  4.889E+07  9.208E+05 6.807E-15 1123.2  1128  1.086E+06  8.697E+03  4.778E+04  2.606E+06  176.4  165.6    9.0    3.0   12.0    5.0    3.0    6.6   10.9
2023  6 22 173  0.00  355.0   55.0   45.0  1.540E+08  4.282E+07  7.915E+05 6.191E-15 1123.7  1128  1.066E+06  7.200E+03  4.753E+04  2.438E+06  176.4  165.6    9.0    3.0   12.0    5.0    3.0    6.6   10.9
2023  6 22 173  0.00  360.0   55.0   45.0  1.428E+08  3.752E+07  6.805E+05 5.636E-15 1124.1  1128  1.045E+06  5.963E+03  4.727E+04  2.282E+06  176.4  165.6    9.0    3.0   12.0    5.0    3.0    6.6   10.9
2023  6 22 173  0.00  365.0   55.0   45.0  1.324E+08  3.288E+07  5.853E+05 5.135E-15 1124.6  1128  1.025E+06  4.941E+03  4.703E+04  2.136E+06  176.4  165.6    9.0    3.0   12.0    5.0    3.0    6.6   10.9
2023  6 22 173  0.00  370.0   55.0   45.0  1.228E+08  2.882E+07  5.035E+05 4.683E-15 1125.0  1128  1.006E+06  4.095E+03  4.678E+04  1.999E+06  176.4  165.6    9.0    3.0   12.0    5.0    3.0    6.6   10.9
2023  6 22 173  0.00  375.0   55.0   45.0  1.139E+08  2.527E+07  4.333E+05 4.275E-15 1125.3  1128  9.870E+05  3.395E+03  4.655E+04  1.872E+06  176.4  165.6    9.0    3.0   12.0    5.0    3.0    6.6   10.9
2023  6 22 173  0.00  380.0   55.0   45.0  1.057E+08  2.216E+07  3.730E+05 3.906E-15 1125.6  1128  9.684E+05  2.816E+03  4.631E+04  1.753E+06  176.4  165.6    9.0    3.0   12.0    5.0    3.0    6.6   10.9
2023  6 22 173  0.00  385.0   55.0   45.0  9.804E+07  1.944E+07  3.212E+05 3.571E-15 1125.9  1128  9.502E+05  2.337E+03  4.608E+04  1.642E+06  176.4  165.6    9.0    3.0   12.0    5.0    3.0    6.6   10.9
2023  6 22 173  0.00  390.0   55.0   45.0  9.098E+07  1.706E+07  2.767E+05 3.268E-15 1126.1  1128  9.325E+05  1.940E+03  4.585E+04  1.538E+06  176.4  165.6    9.0    3.0   12.0    5.0    3.0    6.6   10.9
2023  6 22 173  0.00  395.0   55.0   45.0  8.444E+07  1.497E+07  2.384E+05 2.993E-15 1126.4  1128  9.151E+05  1.611E+03  4.563E+04  1.440E+06  176.4  165.6    9.0    3.0   12.0    5.0    3.0    6.6   10.9
2023  6 22 173  0.00  400.0   55.0   45.0  7.838E+07  1.315E+07  2.055E+05 2.743E-15 1126.6  1128  8.981E+05  1.338E+03  4.541E+04  1.350E+06  176.4  165.6    9.0    3.0   12.0    5.0    3.0    6.6   10.9
2023  6 22 173  0.00  405.0   55.0   45.0  7.277E+07  1.154E+07  1.771E+05 2.516E-15 1126.8  1128  8.814E+05  1.112E+03  4.519E+04  1.264E+06  176.4  165.6    9.0    3.0   12.0    5.0    3.0    6.6   10.9
2023  6 22 173  0.00  410.0   55.0   45.0  6.757E+07  1.014E+07  1.527E+05 2.309E-15 1126.9  1128  8.651E+05  9.239E+02  4.497E+04  1.185E+06  176.4  165.6    9.0    3.0   12.0    5.0    3.0    6.6   10.9
2023  6 22 173  0.00  415.0   55.0   45.0  6.274E+07  8.907E+06  1.317E+05 2.121E-15 1127.1  1128  8.492E+05  7.681E+02  4.476E+04  1.111E+06  176.4  165.6    9.0    3.0   12.0    5.0    3.0    6.6   10.9
2023  6 22 173  0.00  420.0   55.0   45.0  5.827E+07  7.827E+06  1.136E+05 1.949E-15 1127.2  1128  8.336E+05  6.388E+02  4.454E+04  1.041E+06  176.4  165.6    9.0    3.0   12.0    5.0    3.0    6.6   10.9
2023  6 22 173  0.00  425.0   55.0   45.0  5.413E+07  6.879E+06  9.806E+04 1.793E-15 1127.3  1128  8.183E+05  5.314E+02  4.433E+04  9.759E+05  176.4  165.6    9.0    3.0   12.0    5.0    3.0    6.6   10.9
2023  6 22 173  0.00  430.0   55.0   45.0  5.029E+07  6.047E+06  8.464E+04 1.650E-15 1127.4  1128  8.033E+05  4.422E+02  4.413E+04  9.150E+05  176.4  165.6    9.0    3.0   12.0    5.0    3.0    6.6   10.9
2023  6 22 173  0.00  435.0   55.0   45.0  4.672E+07  5.317E+06  7.307E+04 1.519E-15 1127.5  1128  7.886E+05  3.681E+02  4.392E+04  8.579E+05  176.4  165.6    9.0    3.0   12.0    5.0    3.0    6.6   10.9
2023  6 22 173  0.00  440.0   55.0   45.0  4.342E+07  4.676E+06  6.310E+04 1.400E-15 1127.6  1128  7.742E+05  3.065E+02  4.371E+04  8.045E+05  176.4  165.6    9.0    3.0   12.0    5.0    3.0    6.6   10.9
2023  6 22 173  0.00  445.0   55.0   45.0  4.035E+07  4.113E+06  5.450E+04 1.290E-15 1127.7  1128  7.601E+05  2.553E+02  4.351E+04  7.545E+05  176.4  165.6    9.0    3.0   12.0    5.0    3.0    6.6   10.9
2023  6 22 173  0.00  450.0   55.0   45.0  3.750E+07  3.619E+06  4.708E+04 1.190E-15 1127.8  1128  7.463E+05  2.127E+02  4.331E+04  7.077E+05  176.4  165.6    9.0    3.0   12.0    5.0    3.0    6.6   10.9
2023  6 22 173  0.00  455.0   55.0   45.0  3.486E+07  3.185E+06  4.069E+04 1.099E-15 1127.9  1128  7.327E+05  1.772E+02  4.311E+04  6.639E+05  176.4  165.6    9.0    3.0   12.0    5.0    3.0    6.6   10.9
2023  6 22 173  0.00  460.0   55.0   45.0  3.241E+07  2.803E+06  3.517E+04 1.014E-15 1127.9  1128  7.195E+05  1.477E+02  4.291E+04  6.228E+05  176.4  165.6    9.0    3.0   12.0    5.0    3.0    6.6   10.9
2023  6 22 173  0.00  465.0   55.0   45.0  3.013E+07  2.468E+06  3.040E+04 9.372E-16 1128.0  1128  7.065E+05  1.232E+02  4.271E+04  5.843E+05  176.4  165.6    9.0    3.0   12.0    5.0    3.0    6.6   10.9
2023  6 22 173  0.00  470.0   55.0   45.0  2.802E+07  2.173E+06  2.629E+04 8.663E-16 1128.0  1128  6.937E+05  1.028E+02  4.252E+04  5.483E+05  176.4  165.6    9.0    3.0   12.0    5.0    3.0    6.6   10.9
2023  6 22 173  0.00  475.0   55.0   45.0  2.606E+07  1.914E+06  2.274E+04 8.011E-16 1128.1  1128  6.812E+05  8.573E+01  4.232E+04  5.146E+05  176.4  165.6    9.0    3.0   12.0    5.0    3.0    6.6   10.9
2023  6 22 173  0.00  480.0   55.0   45.0  2.424E+07  1.686E+06  1.967E+04 7.412E-16 1128.1  1128  6.690E+05  7.154E+01  4.213E+04  4.829E+05  176.4  165.6    9.0    3.0   12.0    5.0    3.0    6.6   10.9
2023  6 22 173  0.00  485.0   55.0   45.0  2.255E+07  1.485E+06  1.702E+04 6.861E-16 1128.1  1128  6.570E+05  5.972E+01  4.194E+04  4.533E+05  176.4  165.6    9.0    3.0   12.0    5.0    3.0    6.6   10.9
2023  6 22 173  0.00  490.0   55.0   45.0  2.097E+07  1.309E+06  1.473E+04 6.353E-16 1128.2  1128  6.452E+05  4.987E+01  4.175E+04  4.255E+05  176.4  165.6    9.0    3.0   12.0    5.0    3.0    6.6   10.9
2023  6 22 173  0.00  495.0   55.0   45.0  1.951E+07  1.153E+06  1.275E+04 5.886E-16 1128.2  1128  6.337E+05  4.165E+01  4.156E+04  3.995E+05  176.4  165.6    9.0    3.0   12.0    5.0    3.0    6.6   10.9
2023  6 22 173  0.00  500.0   55.0   45.0  1.816E+07  1.017E+06  1.104E+04 5.455E-16 1128.2  1128  6.223E+05  3.480E+01  4.137E+04  3.750E+05  176.4  165.6    9.0    3.0   12.0    5.0    3.0    6.6   10.9
2023  6 22 173  0.00  505.0   55.0   45.0  1.690E+07  8.964E+05  9.564E+03 5.058E-16 1128.2  1128  6.112E+05  2.908E+01  4.119E+04  3.522E+05  176.4  165.6    9.0    3.0   12.0    5.0    3.0    6.6   10.9
2023  6 22 173  0.00  510.0   55.0   45.0  1.573E+07  7.905E+05  8.285E+03 4.692E-16 1128.3  1128  6.004E+05  2.431E+01  4.100E+04  3.307E+05  176.4  165.6    9.0    3.0   12.0    5.0    3.0    6.6   10.9
2023  6 22 173  0.00  515.0   55.0   45.0  1.464E+07  6.973E+05  7.178E+03 4.353E-16 1128.3  1128  5.897E+05  2.032E+01  4.082E+04  3.106E+05  176.4  165.6    9.0    3.0   12.0    5.0    3.0    6.6   10.9
2023  6 22 173  0.00  520.0   55.0   45.0  1.363E+07  6.151E+05  6.220E+03 4.041E-16 1128.3  1128  5.792E+05  1.700E+01  4.063E+04  2.917E+05  176.4  165.6    9.0    3.0   12.0    5.0    3.0    6.6   10.9
2023  6 22 173  0.00  525.0   55.0   45.0  1.269E+07  5.428E+05  5.392E+03 3.753E-16 1128.3  1128  5.689E+05  1.422E+01  4.045E+04  2.740E+05  176.4  165.6    9.0    3.0   12.0    5.0    3.0    6.6   10.9
2023  6 22 173  0.00  530.0   55.0   45.0  1.181E+07  4.790E+05  4.675E+03 3.486E-16 1128.3  1128  5.589E+05  1.190E+01  4.027E+04  2.574E+05  176.4  165.6    9.0    3.0   12.0    5.0    3.0    6.6   10.9
2023  6 22 173  0.00  535.0   55.0   45.0  1.100E+07  4.228E+05  4.054E+03 3.239E-16 1128.4  1128  5.490E+05  9.958E+00  4.009E+04  2.418E+05  176.4  165.6    9.0    3.0   12.0    5.0    3.0    6.6   10.9
2023  6 22 173  0.00  540.0   55.0   45.0  1.025E+07  3.733E+05  3.516E+03 3.011E-16 1128.4  1128  5.393E+05  8.337E+00  3.991E+04  2.272E+05  176.4  165.6    9.0    3.0   12.0    5.0    3.0    6.6   10.9
2023  6 22 173  0.00  545.0   55.0   45.0  9.542E+06  3.296E+05  3.050E+03 2.800E-16 1128.4  1128  5.298E+05  6.981E+00  3.974E+04  2.135E+05  176.4  165.6    9.0    3.0   12.0    5.0    3.0    6.6   10.9
2023  6 22 173  0.00  550.0   55.0   45.0  8.889E+06  2.911E+05  2.647E+03 2.605E-16 1128.4  1128  5.205E+05  5.848E+00  3.956E+04  2.007E+05  176.4  165.6    9.0    3.0   12.0    5.0    3.0    6.6   10.9
2023  6 22 173  0.00  555.0   55.0   45.0  8.281E+06  2.571E+05  2.297E+03 2.424E-16 1128.4  1128  5.114E+05  4.900E+00  3.939E+04  1.886E+05  176.4  165.6    9.0    3.0   12.0    5.0    3.0    6.6   10.9
2023  6 22 173  0.00  560.0   55.0   45.0  7.715E+06  2.272E+05  1.994E+03 2.256E-16 1128.4  1128  5.024E+05  4.106E+00  3.921E+04  1.773E+05  176.4  165.6    9.0    3.0   12.0    5.0    3.0    6.6   10.9
2023  6 22 173  0.00  565.0   55.0   45.0  7.189E+06  2.007E+05  1.731E+03 2.101E-16 1128.4  1128  4.936E+05  3.442E+00  3.904E+04  1.666E+05  176.4  165.6    9.0    3.0   12.0    5.0    3.0    6.6   10.9
2023  6 22 173  0.00  570.0   55.0   45.0  6.699E+06  1.774E+05  1.503E+03 1.957E-16 1128.4  1128  4.850E+05  2.886E+00  3.887E+04  1.567E+05  176.4  165.6    9.0    3.0   12.0    5.0    3.0    6.6   10.9
2023  6 22 173  0.00  575.0   55.0   45.0  6.243E+06  1.568E+05  1.306E+03 1.823E-16 1128.4  1128  4.765E+05  2.421E+00  3.870E+04  1.473E+05  176.4  165.6    9.0    3.0   12.0    5.0    3.0    6.6   10.9
2023  6 22 173  0.00  580.0   55.0   45.0  5.819E+06  1.387E+05  1.134E+03 1.699E-16 1128.4  1128  4.682E+05  2.031E+00  3.853E+04  1.385E+05  176.4  165.6    9.0    3.0   12.0    5.0    3.0    6.6   10.9
2023  6 22 173  0.00  585.0   55.0   45.0  5.425E+06  1.226E+05  9.857E+02 1.584E-16 1128.4  1128  4.600E+05  1.704E+00  3.836E+04  1.302E+05  176.4  165.6    9.0    3.0   12.0    5.0    3.0    6.6   10.9
2023  6 22 173  0.00  590.0   55.0   45.0  5.057E+06  1.084E+05  8.567E+02 1.478E-16 1128.4  1128  4.520E+05  1.431E+00  3.819E+04  1.225E+05  176.4  165.6    9.0    3.0   12.0    5.0    3.0    6.6   10.9
2023  6 22 173  0.00  595.0   55.0   45.0  4.715E+06  9.593E+04  7.448E+02 1.378E-16 1128.4  1128  4.442E+05  1.201E+00  3.802E+04  1.152E+05  176.4  165.6    9.0    3.0   12.0    5.0    3.0    6.6   10.9
2023  6 22 173  0.00  600.0   55.0   45.0  4.397E+06  8.488E+04  6.475E+02 1.286E-16 1128.4  1128  4.365E+05  1.009E+00  3.786E+04  1.084E+05  176.4  165.6    9.0    3.0   12.0    5.0    3.0    6.6   10.9
2023  6 22 173  0.00  605.0   55.0   45.0  4.100E+06  7.511E+04  5.631E+02 1.201E-16 1128.4  1128  4.289E+05  8.472E-01  3.769E+04  1.019E+05  176.4  165.6    9.0    3.0   12.0    5.0    3.0    6.6   10.9
2023  6 22 173  0.00  610.0   55.0   45.0  3.824E+06  6.648E+04  4.898E+02 1.121E-16 1128.5  1128  4.215E+05  7.118E-01  3.753E+04  9.589E+04  176.4  165.6    9.0    3.0   12.0    5.0    3.0    6.6   10.9
2023  6 22 173  0.00  615.0   55.0   45.0  3.567E+06  5.885E+04  4.262E+02 1.047E-16 1128.5  1128  4.142E+05  5.982E-01  3.736E+04  9.022E+04  176.4  165.6    9.0    3.0   12.0    5.0    3.0    6.6   10.9
2023  6 22 173  0.00  620.0   55.0   45.0  3.327E+06  5.210E+04  3.708E+02 9.783E-17 1128.5  1128  4.071E+05  5.029E-01  3.720E+04  8.489E+04  176.4  165.6    9.0    3.0   12.0    5.0    3.0    6.6   10.9
2023  6 22 173  0.00  625.0   55.0   45.0  3.104E+06  4.614E+04  3.227E+02 9.143E-17 1128.5  1128  4.001E+05  4.229E-01  3.704E+04  7.988E+04  176.4  165.6    9.0    3.0   12.0    5.0    3.0    6.6   10.9
2023  6 22 173  0.00  630.0   55.0   45.0  2.896E+06  4.086E+04  2.810E+02 8.548E-17 1128.5  1128  3.932E+05  3.556E-01  3.688E+04  7.518E+04  176.4  165.6    9.0    3.0   12.0    5.0    3.0    6.6   10.9
2023  6 22 173  0.00  635.0   55.0   45.0  2.702E+06  3.620E+04  2.446E+02 7.994E-17 1128.5  1128  3.865E+05  2.992E-01  3.672E+04  7.076E+04  176.4  165.6    9.0    3.0   12.0    5.0    3.0    6.6   10.9
2023  6 22 173  0.00  640.0   55.0   45.0  2.522E+06  3.207E+04  2.130E+02 7.478E-17 1128.5  1128  3.798E+05  2.518E-01  3.656E+04  6.660E+04  176.4  165.6    9.0    3.0   12.0    5.0    3.0    6.6   10.9
2023  6 22 173  0.00  645.0   55.0   45.0  2.354E+06  2.842E+04  1.856E+02 6.998E-17 1128.5  1128  3.733E+05  2.119E-01  3.641E+04  6.270E+04  176.4  165.6    9.0    3.0   12.0    5.0    3.0    6.6   10.9
2023  6 22 173  0.00  650.0   55.0   45.0  2.197E+06  2.519E+04  1.617E+02 6.550E-17 1128.5  1128  3.670E+05  1.784E-01  3.625E+04  5.902E+04  176.4  165.6    9.0    3.0   12.0    5.0    3.0    6.6   10.9
2023  6 22 173  0.00  655.0   55.0   45.0  2.051E+06  2.233E+04  1.409E+02 6.134E-17 1128.5  1128  3.607E+05  1.502E-01  3.609E+04  5.557E+04  176.4  165.6    9.0    3.0   12.0    5.0    3.0    6.6   10.9
2023  6 22 173  0.00  660.0   55.0   45.0  1.914E+06  1.980E+04  1.228E+02 5.745E-17 1128.5  1128  3.546E+05  1.265E-01  3.594E+04  5.233E+04  176.4  165.6    9.0    3.0   12.0    5.0    3.0    6.6   10.9
2023  6 22 173  0.00  665.0   55.0   45.0  1.787E+06  1.755E+04  1.070E+02 5.383E-17 1128.5  1128  3.485E+05  1.066E-01  3.578E+04  4.928E+04  176.4  165.6    9.0    3.0   12.0    5.0    3.0    6.6   10.9
2023  6 22 173  0.00  670.0   55.0   45.0  1.669E+06  1.557E+04  9.332E+01 5.046E-17 1128.5  1128  3.426E+05  8.983E-02  3.563E+04  4.641E+04  176.4  165.6    9.0    3.0   12.0    5.0    3.0    6.6   10.9
2023  6 22 173  0.00  675.0   55.0   45.0  1.559E+06  1.381E+04  8.138E+01 4.731E-17 1128.5  1128  3.368E+05  7.572E-02  3.548E+04  4.371E+04  176.4  165.6    9.0    3.0   12.0    5.0    3.0    6.6   10.9
2023  6 22 173  0.00  680.0   55.0   45.0  1.456E+06  1.225E+04  7.098E+01 4.438E-17 1128.5  1128  3.311E+05  6.384E-02  3.533E+04  4.117E+04  176.4  165.6    9.0    3.0   12.0    5.0    3.0    6.6   10.9
2023  6 22 173  0.00  685.0   55.0   45.0  1.360E+06  1.087E+04  6.193E+01 4.164E-17 1128.5  1128  3.255E+05  5.384E-02  3.518E+04  3.878E+04  176.4  165.6    9.0    3.0   12.0    5.0    3.0    6.6   10.9
2023  6 22 173  0.00  690.0   55.0   45.0  1.270E+06  9.650E+03  5.403E+01 3.908E-17 1128.5  1128  3.200E+05  4.541E-02  3.503E+04  3.653E+04  176.4  165.6    9.0    3.0   12.0    5.0    3.0    6.6   10.9
2023  6 22 173  0.00  695.0   55.0   45.0  1.186E+06  8.566E+03  4.716E+01 3.670E-17 1128.5  1128  3.146E+05  3.832E-02  3.488E+04  3.442E+04  176.4  165.6    9.0    3.0   12.0    5.0    3.0    6.6   10.9
2023  6 22 173  0.00  700.0   55.0   45.0  1.109E+06  7.605E+03  4.116E+01 3.447E-17 1128.5  1128  3.093E+05  3.234E-02  3.473E+04  3.243E+04  176.4  165.6    9.0    3.0   12.0    5.0    3.0    6.6   10.9
2023  6 22 173  0.00  705.0   55.0   45.0  1.036E+06  6.753E+03  3.594E+01 3.239E-17 1128.5  1128  3.041E+05  2.730E-02  3.458E+04  3.056E+04  176.4  165.6    9.0    3.0   12.0    5.0    3.0    6.6   10.9
2023  6 22 173  0.00  710.0   55.0   45.0  9.679E+05  5.997E+03  3.138E+01 3.045E-17 1128.5  1128  2.990E+05  2.305E-02  3.444E+04  2.880E+04  176.4  165.6    9.0    3.0   12.0    5.0    3.0    6.6   10.9
2023  6 22 173  0.00  715.0   55.0   45.0  9.046E+05  5.327E+03  2.741E+01 2.863E-17 1128.5  1128  2.940E+05  1.946E-02  3.429E+04  2.714E+04  176.4  165.6    9.0    3.0   12.0    5.0    3.0    6.6   10.9
2023  6 22 173  0.00  720.0   55.0   45.0  8.455E+05  4.733E+03  2.395E+01 2.694E-17 1128.5  1128  2.890E+05  1.644E-02  3.415E+04  2.559E+04  176.4  165.6    9.0    3.0   12.0    5.0    3.0    6.6   10.9
2023  6 22 173  0.00  725.0   55.0   45.0  7.903E+05  4.205E+03  2.092E+01 2.535E-17 1128.5  1128  2.842E+05  1.389E-02  3.401E+04  2.412E+04  176.4  165.6    9.0    3.0   12.0    5.0    3.0    6.6   10.9
2023  6 22 173  0.00  730.0   55.0   45.0  7.388E+05  3.737E+03  1.828E+01 2.387E-17 1128.5  1128  2.794E+05  1.174E-02  3.386E+04  2.274E+04  176.4  165.6    9.0    3.0   12.0    5.0    3.0    6.6   10.9
2023  6 22 173  0.00  735.0   55.0   45.0  6.907E+05  3.322E+03  1.598E+01 2.249E-17 1128.5  1128  2.748E+05  9.925E-03  3.372E+04  2.144E+04  176.4  165.6    9.0    3.0   12.0    5.0    3.0    6.6   10.9
2023  6 22 173  0.00  740.0   55.0   45.0  6.458E+05  2.953E+03  1.397E+01 2.119E-17 1128.5  1128  2.702E+05  8.392E-03  3.358E+04  2.021E+04  176.4  165.6    9.0    3.0   12.0    5.0    3.0    6.6   10.9
2023  6 22 173  0.00  745.0   55.0   45.0  6.039E+05  2.626E+03  1.222E+01 1.998E-17 1128.5  1128  2.657E+05  7.097E-03  3.344E+04  1.906E+04  176.4  165.6    9.0    3.0   12.0    5.0    3.0    6.6   10.9
