


yyyy/mmdd(or -ddd)/hh.h):2019/ -62/15.0UT  geog Lat/Long/Alt= -7.0/ 124.0/  80.0

NeQuick is used for topside Ne profile
URSI maps are used for the F2 peak density (NmF2)
foF2 STORM model is turned on 
Shubin2015model is used for F2 peak height (hmF2)
ABT-2009 option is used for the bottomside thickness parameter B0
Scotto-97 no L   option is used for the F1 occurrence probability
foE auroral storm model is turned off
IRI-1990   option is used for D-region
TBT-2012 with solar dependence is used for the electron temperature
RBV10+TBT15 option is used for ion composition
CGM coordinates not computed
auroral boundaries not computed

Peak Densities/cm-3: NmF2= 217761.7   NmF1=      0.0   NmE=   1680.8
Peak Heights/km:     hmF2=   276.40   hmF1=     0.00   hmE=   110.00

Solar Zenith Angle/degree                             160.8
Dip (Magnetic Inclination)/degree                     -30.13
Modip (Modified Dip)/degree                           -27.82
Solar Sunspot Number (12-months running mean) Rz12      3.3           
Ionospheric-Effective Solar Index IG12                -12.5           
Solar radio flux F10.7 (daily)                         68.3           
Solar radio flux F10.7 (81-day average)                70.8           

TEC [1.E16 m-2] is obtained by numerical integration in 1km steps
  from 50 to 2000.0 km. t is the percentage of TEC above the F peak.

-
   H   ELECTRON DENSITY   TEMPERATURES      ION PERCENTAGES[%]*10    1E16m-2
   km  Ne/cm-3 Ne/NmF2 Tn/K  Ti/K  Te/K  O+  N+  H+ He+ O2+ NO+ Clust TEC t/%
   0.0      -1 -1.000    -1    -1    -1  -1  -1  -1  -1  -1  -1  -1   5.4  76
   1.0      -1 -1.000    -1    -1    -1  -1  -1  -1  -1  -1  -1  -1   5.4  76
   2.0      -1 -1.000    -1    -1    -1  -1  -1  -1  -1  -1  -1  -1   5.4  76
   3.0      -1 -1.000    -1    -1    -1  -1  -1  -1  -1  -1  -1  -1   5.4  76
   4.0      -1 -1.000    -1    -1    -1  -1  -1  -1  -1  -1  -1  -1   5.4  76
   5.0      -1 -1.000    -1    -1    -1  -1  -1  -1  -1  -1  -1  -1   5.4  76
   6.0      -1 -1.000    -1    -1    -1  -1  -1  -1  -1  -1  -1  -1   5.4  76
   7.0      -1 -1.000    -1    -1    -1  -1  -1  -1  -1  -1  -1  -1   5.4  76
   8.0      -1 -1.000    -1    -1    -1  -1  -1  -1  -1  -1  -1  -1   5.4  76
   9.0      -1 -1.000    -1    -1    -1  -1  -1  -1  -1  -1  -1  -1   5.4  76
  10.0      -1 -1.000    -1    -1    -1  -1  -1  -1  -1  -1  -1  -1   5.4  76
  11.0      -1 -1.000    -1    -1    -1  -1  -1  -1  -1  -1  -1  -1   5.4  76
  12.0      -1 -1.000    -1    -1    -1  -1  -1  -1  -1  -1  -1  -1   5.4  76
  13.0      -1 -1.000    -1    -1    -1  -1  -1  -1  -1  -1  -1  -1   5.4  76
  14.0      -1 -1.000    -1    -1    -1  -1  -1  -1  -1  -1  -1  -1   5.4  76
  15.0      -1 -1.000    -1    -1    -1  -1  -1  -1  -1  -1  -1  -1   5.4  76
  16.0      -1 -1.000    -1    -1    -1  -1  -1  -1  -1  -1  -1  -1   5.4  76
  17.0      -1 -1.000    -1    -1    -1  -1  -1  -1  -1  -1  -1  -1   5.4  76
  18.0      -1 -1.000    -1    -1    -1  -1  -1  -1  -1  -1  -1  -1   5.4  76
  19.0      -1 -1.000    -1    -1    -1  -1  -1  -1  -1  -1  -1  -1   5.4  76
  20.0      -1 -1.000    -1    -1    -1  -1  -1  -1  -1  -1  -1  -1   5.4  76
  21.0      -1 -1.000    -1    -1    -1  -1  -1  -1  -1  -1  -1  -1   5.4  76
  22.0      -1 -1.000    -1    -1    -1  -1  -1  -1  -1  -1  -1  -1   5.4  76
  23.0      -1 -1.000    -1    -1    -1  -1  -1  -1  -1  -1  -1  -1   5.4  76
  24.0      -1 -1.000    -1    -1    -1  -1  -1  -1  -1  -1  -1  -1   5.4  76
  25.0      -1 -1.000    -1    -1    -1  -1  -1  -1  -1  -1  -1  -1   5.4  76
  26.0      -1 -1.000    -1    -1    -1  -1  -1  -1  -1  -1  -1  -1   5.4  76
  27.0      -1 -1.000    -1    -1    -1  -1  -1  -1  -1  -1  -1  -1   5.4  76
  28.0      -1 -1.000    -1    -1    -1  -1  -1  -1  -1  -1  -1  -1   5.4  76
  29.0      -1 -1.000    -1    -1    -1  -1  -1  -1  -1  -1  -1  -1   5.4  76
  30.0      -1 -1.000    -1    -1    -1  -1  -1  -1  -1  -1  -1  -1   5.4  76
  31.0      -1 -1.000    -1    -1    -1  -1  -1  -1  -1  -1  -1  -1   5.4  76
  32.0      -1 -1.000    -1    -1    -1  -1  -1  -1  -1  -1  -1  -1   5.4  76
  33.0      -1 -1.000    -1    -1    -1  -1  -1  -1  -1  -1  -1  -1   5.4  76
  34.0      -1 -1.000    -1    -1    -1  -1  -1  -1  -1  -1  -1  -1   5.4  76
  35.0      -1 -1.000    -1    -1    -1  -1  -1  -1  -1  -1  -1  -1   5.4  76
  36.0      -1 -1.000    -1    -1    -1  -1  -1  -1  -1  -1  -1  -1   5.4  76
  37.0      -1 -1.000    -1    -1    -1  -1  -1  -1  -1  -1  -1  -1   5.4  76
  38.0      -1 -1.000    -1    -1    -1  -1  -1  -1  -1  -1  -1  -1   5.4  76
  39.0      -1 -1.000    -1    -1    -1  -1  -1  -1  -1  -1  -1  -1   5.4  76
  40.0      -1 -1.000    -1    -1    -1  -1  -1  -1  -1  -1  -1  -1   5.4  76
  41.0      -1 -1.000    -1    -1    -1  -1  -1  -1  -1  -1  -1  -1   5.4  76
  42.0      -1 -1.000    -1    -1    -1  -1  -1  -1  -1  -1  -1  -1   5.4  76
  43.0      -1 -1.000    -1    -1    -1  -1  -1  -1  -1  -1  -1  -1   5.4  76
  44.0      -1 -1.000    -1    -1    -1  -1  -1  -1  -1  -1  -1  -1   5.4  76
  45.0      -1 -1.000    -1    -1    -1  -1  -1  -1  -1  -1  -1  -1   5.4  76
  46.0      -1 -1.000    -1    -1    -1  -1  -1  -1  -1  -1  -1  -1   5.4  76
  47.0      -1 -1.000    -1    -1    -1  -1  -1  -1  -1  -1  -1  -1   5.4  76
  48.0      -1 -1.000    -1    -1    -1  -1  -1  -1  -1  -1  -1  -1   5.4  76
  49.0      -1 -1.000    -1    -1    -1  -1  -1  -1  -1  -1  -1  -1   5.4  76
  50.0      -1 -1.000    -1    -1    -1  -1  -1  -1  -1  -1  -1  -1   5.4  76
  51.0      -1 -1.000    -1    -1    -1  -1  -1  -1  -1  -1  -1  -1   5.4  76
  52.0      -1 -1.000    -1    -1    -1  -1  -1  -1  -1  -1  -1  -1   5.4  76
  53.0      -1 -1.000    -1    -1    -1  -1  -1  -1  -1  -1  -1  -1   5.4  76
  54.0      -1 -1.000    -1    -1    -1  -1  -1  -1  -1  -1  -1  -1   5.4  76
  55.0      -1 -1.000    -1    -1    -1  -1  -1  -1  -1  -1  -1  -1   5.4  76
  56.0      -1 -1.000    -1    -1    -1  -1  -1  -1  -1  -1  -1  -1   5.4  76
  57.0      -1 -1.000    -1    -1    -1  -1  -1  -1  -1  -1  -1  -1   5.4  76
  58.0      -1 -1.000    -1    -1    -1  -1  -1  -1  -1  -1  -1  -1   5.4  76
  59.0      -1 -1.000    -1    -1    -1  -1  -1  -1  -1  -1  -1  -1   5.4  76
  60.0      -1 -1.000   246   246   246  -1  -1  -1  -1  -1  -1  -1   5.4  76
  61.0      -1 -1.000   243   243   243  -1  -1  -1  -1  -1  -1  -1   5.4  76
  62.0      -1 -1.000   239   239   239  -1  -1  -1  -1  -1  -1  -1   5.4  76
  63.0      -1 -1.000   236   236   236  -1  -1  -1  -1  -1  -1  -1   5.4  76
  64.0      -1 -1.000   232   232   232  -1  -1  -1  -1  -1  -1  -1   5.4  76
  65.0      -1 -1.000   229   229   229  -1  -1  -1  -1  -1  -1  -1   5.4  76
  66.0      -1 -1.000   226   226   226  -1  -1  -1  -1  -1  -1  -1   5.4  76
  67.0      -1 -1.000   223   223   223  -1  -1  -1  -1  -1  -1  -1   5.4  76
  68.0      -1 -1.000   220   220   220  -1  -1  -1  -1  -1  -1  -1   5.4  76
  69.0      -1 -1.000   217   217   217  -1  -1  -1  -1  -1  -1  -1   5.4  76
  70.0      -1 -1.000   215   215   215  -1  -1  -1  -1  -1  -1  -1   5.4  76
  71.0      -1 -1.000   213   213   213  -1  -1  -1  -1  -1  -1  -1   5.4  76
  72.0      -1 -1.000   211   211   211  -1  -1  -1  -1  -1  -1  -1   5.4  76
  73.0      -1 -1.000   210   210   210  -1  -1  -1  -1  -1  -1  -1   5.4  76
  74.0      -1 -1.000   209   209   209  -1  -1  -1  -1  -1  -1  -1   5.4  76
  75.0      -1 -1.000   208   208   208  -1  -1  -1  -1  -1  -1  -1   5.4  76
  76.0      -1 -1.000   208   208   208  -1  -1  -1  -1  -1  -1  -1   5.4  76
  77.0      -1 -1.000   207   207   207  -1  -1  -1  -1  -1  -1  -1   5.4  76
  78.0      -1 -1.000   208   208   208  -1  -1  -1  -1  -1  -1  -1   5.4  76
  79.0      -1 -1.000   208   208   208  -1  -1  -1  -1  -1  -1  -1   5.4  76
  80.0       1  0.000   208   208   208   0   0   0   0   0 1000  -1   5.4  76
  81.0       7  0.000   209   209   209   0   0   0   0   0 1000  -1   5.4  76
  82.0      28  0.000   210   210   210   0   0   0   0   0 1000  -1   5.4  76
  83.0      81  0.000   210   210   210   0   0   0   0   1 999  -1   5.4  76
  84.0     165  0.001   211   211   211   0   0   0   0   1 999  -1   5.4  76
  85.0     260  0.001   212   212   212   0   0   0   0   2 998  -1   5.4  76
  86.0     335  0.002   212   212   212   0   0   0   0   3 997  -1   5.4  76
  87.0     379  0.002   213   213   213   0   0   0   0   3 997  -1   5.4  76
  88.0     402  0.002   213   213   213   0   0   0   0   3 997  -1   5.4  76
  89.0     427  0.002   213   213   213   0   0   0   0   3 997  -1   5.4  76
  90.0     479  0.002   212   212   212   0   0   0   0   4 996  -1   5.4  76
  91.0     598  0.003   211   211   211   0   0   0   0   5 995  -1   5.4  76
  92.0     877  0.004   210   210   210   0   0   0   0   7 993  -1   5.4  76
  93.0    1164  0.005   209   209   209   0   0   0   0  10 990  -1   5.4  76
  94.0    1282  0.006   208   208   208   0   0   0   0  11 989  -1   5.4  76
  95.0    1381  0.006   206   206   206   0   0   0   0  13 987  -1   5.4  76
  96.0    1463  0.007   204   204   204   0   0   0   0  15 985  -1   5.4  76
  97.0    1527  0.007   202   202   202   0   0   0   0  16 984  -1   5.4  76
  98.0    1576  0.007   200   200   200   0   0   0   0  18 982  -1   5.4  76
  99.0    1612  0.007   198   198   198   0   0   0   0  19 981  -1   5.4  76
 100.0    1638  0.008   196   196   196   0   0   0   0  20 980  -1   5.4  76
