Year Mon Day DOY hour Heit(km) Lat  Lon Oden(cm-3) N2den(cm-3) O2den(cm-3) air(gm/cm3) T(K) exoT(K) Heden(cm-3)Arden(cm-3) Hden(cm-3) Nden(cm-3) F107 F107a apdaily  ap0-3 ap3-6 ap6-9 ap9-12 ap12-33 ap33-59
2019  3  3  62  0.00    0.0    7.0  124.0  0.000E+00  1.912E+19  5.130E+18 1.176E-03  301.7  1027  1.283E+14  2.287E+17  0.000E+00  0.000E+00   69.4   72.0    5.6    9.0    6.0    7.0   15.0   18.8   23.0
2019  3  3  62  0.00    5.0    7.0  124.0  0.000E+00  1.160E+19  3.112E+18 7.138E-04  274.8  1027  7.785E+13  1.388E+17  0.000E+00  0.000E+00   69.4   72.0    5.6    9.0    6.0    7.0   15.0   18.8   23.0
2019  3  3  62  0.00   10.0    7.0  124.0  0.000E+00  6.910E+18  1.854E+18 4.251E-04  239.3  1027  4.637E+13  8.265E+16  0.000E+00  0.000E+00   69.4   72.0    5.6    9.0    6.0    7.0   15.0   18.8   23.0
2019  3  3  62  0.00   15.0    7.0  124.0  0.000E+00  3.780E+18  1.014E+18 2.326E-04  199.2  1027  2.537E+13  4.521E+16  0.000E+00  0.000E+00   69.4   72.0    5.6    9.0    6.0    7.0   15.0   18.8   23.0
2019  3  3  62  0.00   20.0    7.0  124.0  0.000E+00  1.571E+18  4.216E+17 9.668E-05  205.1  1027  1.055E+13  1.880E+16  0.000E+00  0.000E+00   69.4   72.0    5.6    9.0    6.0    7.0   15.0   18.8   23.0
2019  3  3  62  0.00   25.0    7.0  124.0  0.000E+00  6.692E+17  1.795E+17 4.117E-05  216.2  1027  4.491E+12  8.005E+15  0.000E+00  0.000E+00   69.4   72.0    5.6    9.0    6.0    7.0   15.0   18.8   23.0
2019  3  3  62  0.00   30.0    7.0  124.0  0.000E+00  2.976E+17  7.985E+16 1.831E-05  226.3  1027  1.997E+12  3.560E+15  0.000E+00  0.000E+00   69.4   72.0    5.6    9.0    6.0    7.0   15.0   18.8   23.0
2019  3  3  62  0.00   35.0    7.0  124.0  0.000E+00  1.344E+17  3.604E+16 8.266E-06  244.5  1027  9.016E+11  1.607E+15  0.000E+00  0.000E+00   69.4   72.0    5.6    9.0    6.0    7.0   15.0   18.8   23.0
2019  3  3  62  0.00   40.0    7.0  124.0  0.000E+00  6.492E+16  1.742E+16 3.994E-06  260.0  1027  4.357E+11  7.766E+14  0.000E+00  0.000E+00   69.4   72.0    5.6    9.0    6.0    7.0   15.0   18.8   23.0
2019  3  3  62  0.00   45.0    7.0  124.0  0.000E+00  3.335E+16  8.947E+15 2.052E-06  268.4  1027  2.238E+11  3.989E+14  0.000E+00  0.000E+00   69.4   72.0    5.6    9.0    6.0    7.0   15.0   18.8   23.0
2019  3  3  62  0.00   50.0    7.0  124.0  0.000E+00  1.785E+16  4.790E+15 1.098E-06  268.8  1027  1.198E+11  2.136E+14  0.000E+00  0.000E+00   69.4   72.0    5.6    9.0    6.0    7.0   15.0   18.8   23.0
2019  3  3  62  0.00   55.0    7.0  124.0  0.000E+00  9.756E+15  2.617E+15 6.003E-07  262.1  1027  6.547E+10  1.167E+14  0.000E+00  0.000E+00   69.4   72.0    5.6    9.0    6.0    7.0   15.0   18.8   23.0
2019  3  3  62  0.00   60.0    7.0  124.0  0.000E+00  5.323E+15  1.428E+15 3.275E-07  250.2  1027  3.572E+10  6.367E+13  0.000E+00  0.000E+00   69.4   72.0    5.6    9.0    6.0    7.0   15.0   18.8   23.0
2019  3  3  62  0.00   65.0    7.0  124.0  0.000E+00  2.830E+15  7.591E+14 1.741E-07  237.1  1027  1.904E+10  3.383E+13  0.000E+00  0.000E+00   69.4   72.0    5.6    9.0    6.0    7.0   15.0   18.8   23.0
2019  3  3  62  0.00   70.0    7.0  124.0  0.000E+00  1.444E+15  3.872E+14 8.885E-08  226.0  1027  9.768E+09  1.725E+13  0.000E+00  0.000E+00   69.4   72.0    5.6    9.0    6.0    7.0   15.0   18.8   23.0
2019  3  3  62  0.00   75.0    7.0  124.0  6.901E+07  7.104E+14  1.902E+14 4.369E-08  218.1  1027  4.839E+09  8.471E+12  4.643E-04  5.425E+04   69.4   72.0    5.6    9.0    6.0    7.0   15.0   18.8   23.0
2019  3  3  62  0.00   80.0    7.0  124.0  4.237E+09  3.409E+14  9.095E+13 2.094E-08  208.9  1027  2.359E+09  4.051E+12  3.244E+07  8.427E+04   69.4   72.0    5.6    9.0    6.0    7.0   15.0   18.8   23.0
2019  3  3  62  0.00   85.0    7.0  124.0  7.436E+10  1.598E+14  4.231E+13 9.801E-09  197.1  1027  1.143E+09  1.885E+12  1.603E+08  1.303E+05   69.4   72.0    5.6    9.0    6.0    7.0   15.0   18.8   23.0
2019  3  3  62  0.00   90.0    7.0  124.0  3.677E+11  7.224E+13  1.885E+13 4.424E-09  182.9  1027  5.565E+08  8.383E+11  9.687E+07  1.962E+05   69.4   72.0    5.6    9.0    6.0    7.0   15.0   18.8   23.0
2019  3  3  62  0.00   95.0    7.0  124.0  6.768E+11  3.058E+13  7.743E+12 1.873E-09  169.4  1027  2.769E+08  3.413E+11  5.251E+07  2.788E+05   69.4   72.0    5.6    9.0    6.0    7.0   15.0   18.8   23.0
2019  3  3  62  0.00  100.0    7.0  124.0  6.318E+11  1.159E+13  2.772E+12 7.106E-10  168.6  1027  1.462E+08  1.183E+11  3.108E+07  3.630E+05   69.4   72.0    5.6    9.0    6.0    7.0   15.0   18.8   23.0
2019  3  3  62  0.00  105.0    7.0  124.0  4.073E+11  4.100E+12  8.949E+11 2.513E-10  192.3  1027  8.775E+07  3.532E+10  1.994E+07  4.555E+05   69.4   72.0    5.6    9.0    6.0    7.0   15.0   18.8   23.0
2019  3  3  62  0.00  110.0    7.0  124.0  2.377E+11  1.554E+12  3.022E+11 9.529E-11  239.1  1027  6.105E+07  1.064E+10  1.339E+07  6.067E+05   69.4   72.0    5.6    9.0    6.0    7.0   15.0   18.8   23.0
2019  3  3  62  0.00  115.0    7.0  124.0  1.458E+11  6.929E+11  1.190E+11 4.265E-11  293.6  1027  4.772E+07  3.727E+09  9.408E+06  8.926E+05   69.4   72.0    5.6    9.0    6.0    7.0   15.0   18.8   23.0
2019  3  3  62  0.00  120.0    7.0  124.0  9.547E+10  3.561E+11  5.392E+10 2.205E-11  347.4  1027  3.986E+07  1.523E+09  6.834E+06  1.387E+06   69.4   72.0    5.6    9.0    6.0    7.0   15.0   18.8   23.0
2019  3  3  62  0.00  125.0    7.0  124.0  6.577E+10  2.022E+11  2.718E+10 1.263E-11  399.8   691  3.442E+07  7.010E+08  5.064E+06  2.165E+06   69.4   72.0    5.6    9.0    6.0    7.0   15.0   18.8   23.0
2019  3  3  62  0.00  130.0    7.0  124.0  4.763E+10  1.246E+11  1.507E+10 7.883E-12  445.9   691  3.052E+07  3.584E+08  3.839E+06  3.338E+06   69.4   72.0    5.6    9.0    6.0    7.0   15.0   18.8   23.0
2019  3  3  62  0.00  135.0    7.0  124.0  3.592E+10  8.163E+10  9.035E+09 5.242E-12  484.7   691  2.760E+07  1.988E+08  2.975E+06  4.992E+06   69.4   72.0    5.6    9.0    6.0    7.0   15.0   18.8   23.0
2019  3  3  62  0.00  140.0    7.0  124.0  2.791E+10  5.582E+10  5.753E+09 3.650E-12  517.2   691  2.533E+07  1.170E+08  2.354E+06  7.151E+06   69.4   72.0    5.6    9.0    6.0    7.0   15.0   18.8   23.0
2019  3  3  62  0.00  145.0    7.0  124.0  2.220E+10  3.940E+10  3.841E+09 2.630E-12  544.7   691  2.349E+07  7.199E+07  1.902E+06  9.761E+06   69.4   72.0    5.6    9.0    6.0    7.0   15.0   18.8   23.0
2019  3  3  62  0.00  150.0    7.0  124.0  1.799E+10  2.849E+10  2.660E+09 1.947E-12  567.7   691  2.197E+07  4.577E+07  1.569E+06  1.268E+07   69.4   72.0    5.6    9.0    6.0    7.0   15.0   18.8   23.0
2019  3  3  62  0.00  155.0    7.0  124.0  1.480E+10  2.099E+10  1.893E+09 1.472E-12  587.1   691  2.068E+07  2.984E+07  1.322E+06  1.569E+07   69.4   72.0    5.6    9.0    6.0    7.0   15.0   18.8   23.0
2019  3  3  62  0.00  160.0    7.0  124.0  1.232E+10  1.569E+10  1.375E+09 1.132E-12  603.4   691  1.957E+07  1.985E+07  1.138E+06  1.855E+07   69.4   72.0    5.6    9.0    6.0    7.0   15.0   18.8   23.0
2019  3  3  62  0.00  165.0    7.0  124.0  1.036E+10  1.187E+10  1.015E+09 8.823E-13  617.2   691  1.859E+07  1.340E+07  9.988E+05  2.105E+07   69.4   72.0    5.6    9.0    6.0    7.0   15.0   18.8   23.0
2019  3  3  62  0.00  170.0    7.0  124.0  8.782E+09  9.067E+09  7.570E+08 6.962E-13  628.7   691  1.772E+07  9.169E+06  8.926E+05  2.300E+07   69.4   72.0    5.6    9.0    6.0    7.0   15.0   18.8   23.0
2019  3  3  62  0.00  175.0    7.0  124.0  7.494E+09  6.979E+09  5.697E+08 5.548E-13  638.5   691  1.694E+07  6.336E+06  8.109E+05  2.433E+07   69.4   72.0    5.6    9.0    6.0    7.0   15.0   18.8   23.0
2019  3  3  62  0.00  180.0    7.0  124.0  6.430E+09  5.407E+09  4.316E+08 4.460E-13  646.7   691  1.623E+07  4.416E+06  7.474E+05  2.500E+07   69.4   72.0    5.6    9.0    6.0    7.0   15.0   18.8   23.0
2019  3  3  62  0.00  185.0    7.0  124.0  5.541E+09  4.211E+09  3.285E+08 3.612E-13  653.6   691  1.558E+07  3.099E+06  6.975E+05  2.506E+07   69.4   72.0    5.6    9.0    6.0    7.0   15.0   18.8   23.0
2019  3  3  62  0.00  190.0    7.0  124.0  4.793E+09  3.294E+09  2.511E+08 2.946E-13  659.4   691  1.498E+07  2.187E+06  6.580E+05  2.460E+07   69.4   72.0    5.6    9.0    6.0    7.0   15.0   18.8   23.0
2019  3  3  62  0.00  195.0    7.0  124.0  4.158E+09  2.587E+09  1.925E+08 2.416E-13  664.3   691  1.442E+07  1.552E+06  6.263E+05  2.373E+07   69.4   72.0    5.6    9.0    6.0    7.0   15.0   18.8   23.0
2019  3  3  62  0.00  200.0    7.0  124.0  3.616E+09  2.038E+09  1.479E+08 1.993E-13  668.5   691  1.389E+07  1.105E+06  6.006E+05  2.254E+07   69.4   72.0    5.6    9.0    6.0    7.0   15.0   18.8   23.0
2019  3  3  62  0.00  205.0    7.0  124.0  3.152E+09  1.609E+09  1.139E+08 1.652E-13  672.0   691  1.339E+07  7.902E+05  5.796E+05  2.116E+07   69.4   72.0    5.6    9.0    6.0    7.0   15.0   18.8   23.0
2019  3  3  62  0.00  210.0    7.0  124.0  2.752E+09  1.274E+09  8.781E+07 1.376E-13  674.9   691  1.293E+07  5.666E+05  5.623E+05  1.965E+07   69.4   72.0    5.6    9.0    6.0    7.0   15.0   18.8   23.0
2019  3  3  62  0.00  215.0    7.0  124.0  2.406E+09  1.011E+09  6.781E+07 1.150E-13  677.4   691  1.248E+07  4.073E+05  5.477E+05  1.810E+07   69.4   72.0    5.6    9.0    6.0    7.0   15.0   18.8   23.0
2019  3  3  62  0.00  220.0    7.0  124.0  2.107E+09  8.029E+08  5.243E+07 9.655E-14  679.5   691  1.206E+07  2.935E+05  5.354E+05  1.657E+07   69.4   72.0    5.6    9.0    6.0    7.0   15.0   18.8   23.0
2019  3  3  62  0.00  225.0    7.0  124.0  1.847E+09  6.389E+08  4.057E+07 8.134E-14  681.3   691  1.166E+07  2.119E+05  5.249E+05  1.507E+07   69.4   72.0    5.6    9.0    6.0    7.0   15.0   18.8   23.0
2019  3  3  62  0.00  230.0    7.0  124.0  1.620E+09  5.090E+08  3.142E+07 6.876E-14  682.8   691  1.128E+07  1.533E+05  5.157E+05  1.366E+07   69.4   72.0    5.6    9.0    6.0    7.0   15.0   18.8   23.0
2019  3  3  62  0.00  235.0    7.0  124.0  1.423E+09  4.060E+08  2.436E+07 5.832E-14  684.0   691  1.091E+07  1.110E+05  5.077E+05  1.233E+07   69.4   72.0    5.6    9.0    6.0    7.0   15.0   18.8   23.0
2019  3  3  62  0.00  240.0    7.0  124.0  1.250E+09  3.242E+08  1.889E+07 4.961E-14  685.1   691  1.055E+07  8.052E+04  5.005E+05  1.111E+07   69.4   72.0    5.6    9.0    6.0    7.0   15.0   18.8   23.0
2019  3  3  62  0.00  245.0    7.0  124.0  1.099E+09  2.591E+08  1.466E+07 4.232E-14  686.0   691  1.022E+07  5.848E+04  4.940E+05  9.980E+06   69.4   72.0    5.6    9.0    6.0    7.0   15.0   18.8   23.0
2019  3  3  62  0.00  250.0    7.0  124.0  9.669E+08  2.072E+08  1.139E+07 3.619E-14  686.8   691  9.890E+06  4.252E+04  4.881E+05  8.954E+06   69.4   72.0    5.6    9.0    6.0    7.0   15.0   18.8   23.0
2019  3  3  62  0.00  255.0    7.0  124.0  8.510E+08  1.659E+08  8.847E+06 3.103E-14  687.4   691  9.576E+06  3.094E+04  4.827E+05  8.024E+06   69.4   72.0    5.6    9.0    6.0    7.0   15.0   18.8   23.0
2019  3  3  62  0.00  260.0    7.0  124.0  7.494E+08  1.328E+08  6.878E+06 2.667E-14  688.0   691  9.273E+06  2.254E+04  4.776E+05  7.185E+06   69.4   72.0    5.6    9.0    6.0    7.0   15.0   18.8   23.0
2019  3  3  62  0.00  265.0    7.0  124.0  6.601E+08  1.065E+08  5.349E+06 2.298E-14  688.4   691  8.982E+06  1.643E+04  4.729E+05  6.429E+06   69.4   72.0    5.6    9.0    6.0    7.0   15.0   18.8   23.0
2019  3  3  62  0.00  270.0    7.0  124.0  5.818E+08  8.538E+07  4.162E+06 1.983E-14  688.8   691  8.701E+06  1.199E+04  4.684E+05  5.751E+06   69.4   72.0    5.6    9.0    6.0    7.0   15.0   18.8   23.0
2019  3  3  62  0.00  275.0    7.0  124.0  5.129E+08  6.850E+07  3.239E+06 1.715E-14  689.2   691  8.429E+06  8.754E+03  4.640E+05  5.144E+06   69.4   72.0    5.6    9.0    6.0    7.0   15.0   18.8   23.0
2019  3  3  62  0.00  280.0    7.0  124.0  4.523E+08  5.499E+07  2.523E+06 1.486E-14  689.4   691  8.167E+06  6.396E+03  4.599E+05  4.600E+06   69.4   72.0    5.6    9.0    6.0    7.0   15.0   18.8   23.0
2019  3  3  62  0.00  285.0    7.0  124.0  3.989E+08  4.416E+07  1.965E+06 1.290E-14  689.7   691  7.914E+06  4.677E+03  4.559E+05  4.114E+06   69.4   72.0    5.6    9.0    6.0    7.0   15.0   18.8   23.0
2019  3  3  62  0.00  290.0    7.0  124.0  3.520E+08  3.548E+07  1.532E+06 1.122E-14  689.9   691  7.669E+06  3.422E+03  4.520E+05  3.679E+06   69.4   72.0    5.6    9.0    6.0    7.0   15.0   18.8   23.0
2019  3  3  62  0.00  295.0    7.0  124.0  3.107E+08  2.852E+07  1.194E+06 9.768E-15  690.0   691  7.433E+06  2.505E+03  4.482E+05  3.291E+06   69.4   72.0    5.6    9.0    6.0    7.0   15.0   18.8   23.0
2019  3  3  62  0.00  300.0    7.0  124.0  2.743E+08  2.294E+07  9.314E+05 8.518E-15  690.2   691  7.204E+06  1.835E+03  4.445E+05  2.945E+06   69.4   72.0    5.6    9.0    6.0    7.0   15.0   18.8   23.0
2019  3  3  62  0.00  305.0    7.0  124.0  2.422E+08  1.845E+07  7.267E+05 7.438E-15  690.3   691  6.983E+06  1.345E+03  4.409E+05  2.636E+06   69.4   72.0    5.6    9.0    6.0    7.0   15.0   18.8   23.0
2019  3  3  62  0.00  310.0    7.0  124.0  2.139E+08  1.485E+07  5.673E+05 6.503E-15  690.4   691  6.770E+06  9.862E+02  4.374E+05  2.359E+06   69.4   72.0    5.6    9.0    6.0    7.0   15.0   18.8   23.0
2019  3  3  62  0.00  315.0    7.0  124.0  1.890E+08  1.196E+07  4.429E+05 5.692E-15  690.5   691  6.563E+06  7.236E+02  4.339E+05  2.113E+06   69.4   72.0    5.6    9.0    6.0    7.0   15.0   18.8   23.0
2019  3  3  62  0.00  320.0    7.0  124.0  1.670E+08  9.631E+06  3.460E+05 4.988E-15  690.6   691  6.363E+06  5.312E+02  4.305E+05  1.892E+06   69.4   72.0    5.6    9.0    6.0    7.0   15.0   18.8   23.0
2019  3  3  62  0.00  325.0    7.0  124.0  1.476E+08  7.759E+06  2.704E+05 4.376E-15  690.6   691  6.169E+06  3.901E+02  4.269E+05  1.696E+06   69.4   72.0    5.6    9.0    6.0    7.0   15.0   18.8   23.0
2019  3  3  62  0.00  330.0    7.0  124.0  1.305E+08  6.254E+06  2.114E+05 3.843E-15  690.7   691  5.982E+06  2.867E+02  4.236E+05  1.520E+06   69.4   72.0    5.6    9.0    6.0    7.0   15.0   18.8   23.0
2019  3  3  62  0.00  335.0    7.0  124.0  1.154E+08  5.042E+06  1.653E+05 3.378E-15  690.7   691  5.800E+06  2.108E+02  4.203E+05  1.362E+06   69.4   72.0    5.6    9.0    6.0    7.0   15.0   18.8   23.0
2019  3  3  62  0.00  340.0    7.0  124.0  1.020E+08  4.067E+06  1.293E+05 2.972E-15  690.8   691  5.625E+06  1.550E+02  4.171E+05  1.222E+06   69.4   72.0    5.6    9.0    6.0    7.0   15.0   18.8   23.0
2019  3  3  62  0.00  345.0    7.0  124.0  9.025E+07  3.281E+06  1.012E+05 2.617E-15  690.8   691  5.455E+06  1.141E+02  4.139E+05  1.096E+06   69.4   72.0    5.6    9.0    6.0    7.0   15.0   18.8   23.0
2019  3  3  62  0.00  350.0    7.0  124.0  7.985E+07  2.648E+06  7.922E+04 2.307E-15  690.8   691  5.290E+06  8.401E+01  4.107E+05  9.834E+05   69.4   72.0    5.6    9.0    6.0    7.0   15.0   18.8   23.0
2019  3  3  62  0.00  355.0    7.0  124.0  7.066E+07  2.138E+06  6.204E+04 2.035E-15  690.9   691  5.131E+06  6.188E+01  4.076E+05  8.826E+05   69.4   72.0    5.6    9.0    6.0    7.0   15.0   18.8   23.0
2019  3  3  62  0.00  360.0    7.0  124.0  6.254E+07  1.727E+06  4.860E+04 1.796E-15  690.9   691  4.976E+06  4.561E+01  4.045E+05  7.924E+05   69.4   72.0    5.6    9.0    6.0    7.0   15.0   18.8   23.0
2019  3  3  62  0.00  365.0    7.0  124.0  5.536E+07  1.395E+06  3.809E+04 1.586E-15  690.9   691  4.827E+06  3.363E+01  4.014E+05  7.115E+05   69.4   72.0    5.6    9.0    6.0    7.0   15.0   18.8   23.0
2019  3  3  62  0.00  370.0    7.0  124.0  4.901E+07  1.128E+06  2.986E+04 1.402E-15  690.9   691  4.682E+06  2.481E+01  3.984E+05  6.391E+05   69.4   72.0    5.6    9.0    6.0    7.0   15.0   18.8   23.0
2019  3  3  62  0.00  375.0    7.0  124.0  4.341E+07  9.115E+05  2.342E+04 1.241E-15  690.9   691  4.542E+06  1.831E+01  3.954E+05  5.742E+05   69.4   72.0    5.6    9.0    6.0    7.0   15.0   18.8   23.0
2019  3  3  62  0.00  380.0    7.0  124.0  3.845E+07  7.372E+05  1.838E+04 1.098E-15  690.9   691  4.406E+06  1.352E+01  3.924E+05  5.160E+05   69.4   72.0    5.6    9.0    6.0    7.0   15.0   18.8   23.0
2019  3  3  62  0.00  385.0    7.0  124.0  3.406E+07  5.963E+05  1.442E+04 9.729E-16  691.0   691  4.275E+06  9.985E+00  3.894E+05  4.638E+05   69.4   72.0    5.6    9.0    6.0    7.0   15.0   18.8   23.0
2019  3  3  62  0.00  390.0    7.0  124.0  3.018E+07  4.826E+05  1.132E+04 8.625E-16  691.0   691  4.148E+06  7.379E+00  3.865E+05  4.170E+05   69.4   72.0    5.6    9.0    6.0    7.0   15.0   18.8   23.0
2019  3  3  62  0.00  395.0    7.0  124.0  2.674E+07  3.906E+05  8.894E+03 7.651E-16  691.0   691  4.024E+06  5.456E+00  3.836E+05  3.749E+05   69.4   72.0    5.6    9.0    6.0    7.0   15.0   18.8   23.0
2019  3  3  62  0.00  400.0    7.0  124.0  2.371E+07  3.163E+05  6.988E+03 6.791E-16  691.0   691  3.905E+06  4.036E+00  3.807E+05  3.372E+05   69.4   72.0    5.6    9.0    6.0    7.0   15.0   18.8   23.0
2019  3  3  62  0.00  405.0    7.0  124.0  2.102E+07  2.562E+05  5.492E+03 6.033E-16  691.0   691  3.789E+06  2.986E+00  3.778E+05  3.034E+05   69.4   72.0    5.6    9.0    6.0    7.0   15.0   18.8   23.0
2019  3  3  62  0.00  410.0    7.0  124.0  1.863E+07  2.076E+05  4.319E+03 5.363E-16  691.0   691  3.677E+06  2.211E+00  3.750E+05  2.730E+05   69.4   72.0    5.6    9.0    6.0    7.0   15.0   18.8   23.0
2019  3  3  62  0.00  415.0    7.0  124.0  1.653E+07  1.682E+05  3.397E+03 4.770E-16  691.0   691  3.568E+06  1.638E+00  3.722E+05  2.457E+05   69.4   72.0    5.6    9.0    6.0    7.0   15.0   18.8   23.0
2019  3  3  62  0.00  420.0    7.0  124.0  1.466E+07  1.364E+05  2.673E+03 4.246E-16  691.0   691  3.463E+06  1.214E+00  3.694E+05  2.211E+05   69.4   72.0    5.6    9.0    6.0    7.0   15.0   18.8   23.0
2019  3  3  62  0.00  425.0    7.0  124.0  1.301E+07  1.106E+05  2.104E+03 3.783E-16  691.0   691  3.360E+06  8.997E-01  3.667E+05  1.991E+05   69.4   72.0    5.6    9.0    6.0    7.0   15.0   18.8   23.0
2019  3  3  62  0.00  430.0    7.0  124.0  1.154E+07  8.974E+04  1.656E+03 3.373E-16  691.0   691  3.262E+06  6.673E-01  3.639E+05  1.793E+05   69.4   72.0    5.6    9.0    6.0    7.0   15.0   18.8   23.0
2019  3  3  62  0.00  435.0    7.0  124.0  1.024E+07  7.282E+04  1.305E+03 3.009E-16  691.0   691  3.166E+06  4.951E-01  3.612E+05  1.615E+05   69.4   72.0    5.6    9.0    6.0    7.0   15.0   18.8   23.0
2019  3  3  62  0.00  440.0    7.0  124.0  9.091E+06  5.911E+04  1.028E+03 2.687E-16  691.0   691  3.073E+06  3.676E-01  3.585E+05  1.454E+05   69.4   72.0    5.6    9.0    6.0    7.0   15.0   18.8   23.0
2019  3  3  62  0.00  445.0    7.0  124.0  8.071E+06  4.800E+04  8.102E+02 2.402E-16  691.0   691  2.983E+06  2.730E-01  3.559E+05  1.310E+05   69.4   72.0    5.6    9.0    6.0    7.0   15.0   18.8   23.0
2019  3  3  62  0.00  450.0    7.0  124.0  7.167E+06  3.899E+04  6.388E+02 2.148E-16  691.0   691  2.895E+06  2.028E-01  3.532E+05  1.181E+05   69.4   72.0    5.6    9.0    6.0    7.0   15.0   18.8   23.0
2019  3  3  62  0.00  455.0    7.0  124.0  6.365E+06  3.168E+04  5.039E+02 1.924E-16  691.0   691  2.811E+06  1.508E-01  3.506E+05  1.063E+05   69.4   72.0    5.6    9.0    6.0    7.0   15.0   18.8   23.0
2019  3  3  62  0.00  460.0    7.0  124.0  5.654E+06  2.575E+04  3.976E+02 1.724E-16  691.0   691  2.729E+06  1.121E-01  3.481E+05  9.583E+04   69.4   72.0    5.6    9.0    6.0    7.0   15.0   18.8   23.0
2019  3  3  62  0.00  465.0    7.0  124.0  5.023E+06  2.093E+04  3.138E+02 1.547E-16  691.0   691  2.649E+06  8.341E-02  3.455E+05  8.640E+04   69.4   72.0    5.6    9.0    6.0    7.0   15.0   18.8   23.0
2019  3  3  62  0.00  470.0    7.0  124.0  4.463E+06  1.702E+04  2.478E+02 1.389E-16  691.0   691  2.572E+06  6.208E-02  3.429E+05  7.792E+04   69.4   72.0    5.6    9.0    6.0    7.0   15.0   18.8   23.0
2019  3  3  62  0.00  475.0    7.0  124.0  3.967E+06  1.385E+04  1.957E+02 1.249E-16  691.0   691  2.497E+06  4.623E-02  3.404E+05  7.028E+04   69.4   72.0    5.6    9.0    6.0    7.0   15.0   18.8   23.0
2019  3  3  62  0.00  480.0    7.0  124.0  3.526E+06  1.127E+04  1.546E+02 1.124E-16  691.0   691  2.425E+06  3.444E-02  3.379E+05  6.339E+04   69.4   72.0    5.6    9.0    6.0    7.0   15.0   18.8   23.0
2019  3  3  62  0.00  485.0    7.0  124.0  3.135E+06  9.172E+03  1.222E+02 1.013E-16  691.0   691  2.355E+06  2.566E-02  3.355E+05  5.720E+04   69.4   72.0    5.6    9.0    6.0    7.0   15.0   18.8   23.0
2019  3  3  62  0.00  490.0    7.0  124.0  2.787E+06  7.468E+03  9.664E+01 9.145E-17  691.0   691  2.286E+06  1.913E-02  3.330E+05  5.161E+04   69.4   72.0    5.6    9.0    6.0    7.0   15.0   18.8   23.0
2019  3  3  62  0.00  495.0    7.0  124.0  2.479E+06  6.083E+03  7.644E+01 8.263E-17  691.0   691  2.220E+06  1.427E-02  3.306E+05  4.658E+04   69.4   72.0    5.6    9.0    6.0    7.0   15.0   18.8   23.0
2019  3  3  62  0.00  500.0    7.0  124.0  2.205E+06  4.956E+03  6.048E+01 7.477E-17  691.0   691  2.156E+06  1.065E-02  3.282E+05  4.204E+04   69.4   72.0    5.6    9.0    6.0    7.0   15.0   18.8   23.0
2019  3  3  62  0.00  505.0    7.0  124.0  1.962E+06  4.039E+03  4.787E+01 6.776E-17  691.0   691  2.094E+06  7.951E-03  3.258E+05  3.795E+04   69.4   72.0    5.6    9.0    6.0    7.0   15.0   18.8   23.0
2019  3  3  62  0.00  510.0    7.0  124.0  1.746E+06  3.292E+03  3.790E+01 6.149E-17  691.0   691  2.034E+06  5.938E-03  3.234E+05  3.427E+04   69.4   72.0    5.6    9.0    6.0    7.0   15.0   18.8   23.0
2019  3  3  62  0.00  515.0    7.0  124.0  1.554E+06  2.685E+03  3.002E+01 5.589E-17  691.0   691  1.976E+06  4.437E-03  3.211E+05  3.094E+04   69.4   72.0    5.6    9.0    6.0    7.0   15.0   18.8   23.0
2019  3  3  62  0.00  520.0    7.0  124.0  1.383E+06  2.190E+03  2.378E+01 5.089E-17  691.0   691  1.919E+06  3.317E-03  3.187E+05  2.795E+04   69.4   72.0    5.6    9.0    6.0    7.0   15.0   18.8   23.0
2019  3  3  62  0.00  525.0    7.0  124.0  1.231E+06  1.787E+03  1.885E+01 4.641E-17  691.0   691  1.864E+06  2.480E-03  3.164E+05  2.524E+04   69.4   72.0    5.6    9.0    6.0    7.0   15.0   18.8   23.0
2019  3  3  62  0.00  530.0    7.0  124.0  1.096E+06  1.458E+03  1.494E+01 4.240E-17  691.0   691  1.811E+06  1.856E-03  3.141E+05  2.281E+04   69.4   72.0    5.6    9.0    6.0    7.0   15.0   18.8   23.0
2019  3  3  62  0.00  535.0    7.0  124.0  9.762E+05  1.191E+03  1.185E+01 3.880E-17  691.0   691  1.759E+06  1.389E-03  3.119E+05  2.061E+04   69.4   72.0    5.6    9.0    6.0    7.0   15.0   18.8   23.0
2019  3  3  62  0.00  540.0    7.0  124.0  8.695E+05  9.724E+02  9.404E+00 3.557E-17  691.0   691  1.709E+06  1.040E-03  3.096E+05  1.862E+04   69.4   72.0    5.6    9.0    6.0    7.0   15.0   18.8   23.0
2019  3  3  62  0.00  545.0    7.0  124.0  7.746E+05  7.943E+02  7.463E+00 3.268E-17  691.0   691  1.660E+06  7.789E-04  3.074E+05  1.683E+04   69.4   72.0    5.6    9.0    6.0    7.0   15.0   18.8   23.0
2019  3  3  62  0.00  550.0    7.0  124.0  6.902E+05  6.491E+02  5.925E+00 3.007E-17  691.0   691  1.613E+06  5.837E-04  3.052E+05  1.522E+04   69.4   72.0    5.6    9.0    6.0    7.0   15.0   18.8   23.0
2019  3  3  62  0.00  555.0    7.0  124.0  6.151E+05  5.305E+02  4.705E+00 2.773E-17  691.0   691  1.567E+06  4.376E-04  3.030E+05  1.376E+04   69.4   72.0    5.6    9.0    6.0    7.0   15.0   18.8   23.0
2019  3  3  62  0.00  560.0    7.0  124.0  5.482E+05  4.338E+02  3.738E+00 2.562E-17  691.0   691  1.523E+06  3.282E-04  3.008E+05  1.244E+04   69.4   72.0    5.6    9.0    6.0    7.0   15.0   18.8   23.0
2019  3  3  62  0.00  565.0    7.0  124.0  4.887E+05  3.548E+02  2.971E+00 2.372E-17  691.0   691  1.480E+06  2.463E-04  2.987E+05  1.125E+04   69.4   72.0    5.6    9.0    6.0    7.0   15.0   18.8   23.0
2019  3  3  62  0.00  570.0    7.0  124.0  4.357E+05  2.902E+02  2.362E+00 2.200E-17  691.0   691  1.438E+06  1.849E-04  2.965E+05  1.017E+04   69.4   72.0    5.6    9.0    6.0    7.0   15.0   18.8   23.0
2019  3  3  62  0.00  575.0    7.0  124.0  3.886E+05  2.375E+02  1.878E+00 2.045E-17  691.0   691  1.397E+06  1.388E-04  2.944E+05  9.204E+03   69.4   72.0    5.6    9.0    6.0    7.0   15.0   18.8   23.0
2019  3  3  62  0.00  580.0    7.0  124.0  3.466E+05  1.944E+02  1.494E+00 1.905E-17  691.0   691  1.358E+06  1.043E-04  2.923E+05  8.327E+03   69.4   72.0    5.6    9.0    6.0    7.0   15.0   18.8   23.0
2019  3  3  62  0.00  585.0    7.0  124.0  3.092E+05  1.592E+02  1.189E+00 1.778E-17  691.0   691  1.319E+06  7.839E-05  2.902E+05  7.535E+03   69.4   72.0    5.6    9.0    6.0    7.0   15.0   18.8   23.0
2019  3  3  62  0.00  590.0    7.0  124.0  2.758E+05  1.304E+02  9.463E-01 1.662E-17  691.0   691  1.282E+06  5.894E-05  2.882E+05  6.819E+03   69.4   72.0    5.6    9.0    6.0    7.0   15.0   18.8   23.0
2019  3  3  62  0.00  595.0    7.0  124.0  2.461E+05  1.068E+02  7.535E-01 1.557E-17  691.0   691  1.246E+06  4.433E-05  2.861E+05  6.172E+03   69.4   72.0    5.6    9.0    6.0    7.0   15.0   18.8   23.0
2019  3  3  62  0.00  600.0    7.0  124.0  2.197E+05  8.754E+01  6.002E-01 1.462E-17  691.0   691  1.211E+06  3.336E-05  2.841E+05  5.588E+03   69.4   72.0    5.6    9.0    6.0    7.0   15.0   18.8   23.0
2019  3  3  62  0.00  605.0    7.0  124.0  1.961E+05  7.176E+01  4.783E-01 1.375E-17  691.0   691  1.178E+06  2.511E-05  2.821E+05  5.059E+03   69.4   72.0    5.6    9.0    6.0    7.0   15.0   18.8   23.0
2019  3  3  62  0.00  610.0    7.0  124.0  1.751E+05  5.884E+01  3.812E-01 1.296E-17  691.0   691  1.145E+06  1.891E-05  2.801E+05  4.581E+03   69.4   72.0    5.6    9.0    6.0    7.0   15.0   18.8   23.0
2019  3  3  62  0.00  615.0    7.0  124.0  1.563E+05  4.827E+01  3.039E-01 1.223E-17  691.0   691  1.113E+06  1.425E-05  2.781E+05  4.149E+03   69.4   72.0    5.6    9.0    6.0    7.0   15.0   18.8   23.0
2019  3  3  62  0.00  620.0    7.0  124.0  1.396E+05  3.960E+01  2.424E-01 1.157E-17  691.0   691  1.082E+06  1.074E-05  2.762E+05  3.758E+03   69.4   72.0    5.6    9.0    6.0    7.0   15.0   18.8   23.0
2019  3  3  62  0.00  625.0    7.0  124.0  1.247E+05  3.250E+01  1.934E-01 1.096E-17  691.0   691  1.052E+06  8.099E-06  2.742E+05  3.405E+03   69.4   72.0    5.6    9.0    6.0    7.0   15.0   18.8   23.0
2019  3  3  62  0.00  630.0    7.0  124.0  1.114E+05  2.668E+01  1.544E-01 1.040E-17  691.0   691  1.022E+06  6.110E-06  2.723E+05  3.085E+03   69.4   72.0    5.6    9.0    6.0    7.0   15.0   18.8   23.0
2019  3  3  62  0.00  635.0    7.0  124.0  9.954E+04  2.191E+01  1.232E-01 9.883E-18  691.0   691  9.939E+05  4.611E-06  2.704E+05  2.795E+03   69.4   72.0    5.6    9.0    6.0    7.0   15.0   18.8   23.0
2019  3  3  62  0.00  640.0    7.0  124.0  8.895E+04  1.799E+01  9.842E-02 9.408E-18  691.0   691  9.664E+05  3.481E-06  2.685E+05  2.533E+03   69.4   72.0    5.6    9.0    6.0    7.0   15.0   18.8   23.0
2019  3  3  62  0.00  645.0    7.0  124.0  7.951E+04  1.478E+01  7.862E-02 8.969E-18  691.0   691  9.396E+05  2.629E-06  2.666E+05  2.296E+03   69.4   72.0    5.6    9.0    6.0    7.0   15.0   18.8   23.0
2019  3  3  62  0.00  650.0    7.0  124.0  7.107E+04  1.215E+01  6.283E-02 8.563E-18  691.0   691  9.137E+05  1.986E-06  2.648E+05  2.082E+03   69.4   72.0    5.6    9.0    6.0    7.0   15.0   18.8   23.0
2019  3  3  62  0.00  655.0    7.0  124.0  6.355E+04  9.989E+00  5.023E-02 8.186E-18  691.0   691  8.885E+05  1.501E-06  2.629E+05  1.887E+03   69.4   72.0    5.6    9.0    6.0    7.0   15.0   18.8   23.0
2019  3  3  62  0.00  660.0    7.0  124.0  5.682E+04  8.214E+00  4.016E-02 7.836E-18  691.0   691  8.640E+05  1.135E-06  2.611E+05  1.712E+03   69.4   72.0    5.6    9.0    6.0    7.0   15.0   18.8   23.0
2019  3  3  62  0.00  665.0    7.0  124.0  5.082E+04  6.756E+00  3.213E-02 7.510E-18  691.0   691  8.402E+05  8.589E-07  2.593E+05  1.552E+03   69.4   72.0    5.6    9.0    6.0    7.0   15.0   18.8   23.0
2019  3  3  62  0.00  670.0    7.0  124.0  4.546E+04  5.559E+00  2.571E-02 7.206E-18  691.0   691  8.171E+05  6.500E-07  2.575E+05  1.408E+03   69.4   72.0    5.6    9.0    6.0    7.0   15.0   18.8   23.0
2019  3  3  62  0.00  675.0    7.0  124.0  4.067E+04  4.575E+00  2.058E-02 6.922E-18  691.0   691  7.947E+05  4.921E-07  2.557E+05  1.277E+03   69.4   72.0    5.6    9.0    6.0    7.0   15.0   18.8   23.0
2019  3  3  62  0.00  680.0    7.0  124.0  3.639E+04  3.766E+00  1.647E-02 6.657E-18  691.0   691  7.729E+05  3.727E-07  2.539E+05  1.159E+03   69.4   72.0    5.6    9.0    6.0    7.0   15.0   18.8   23.0
2019  3  3  62  0.00  685.0    7.0  124.0  3.257E+04  3.101E+00  1.319E-02 6.407E-18  691.0   691  7.517E+05  2.824E-07  2.522E+05  1.052E+03   69.4   72.0    5.6    9.0    6.0    7.0   15.0   18.8   23.0
2019  3  3  62  0.00  690.0    7.0  124.0  2.915E+04  2.554E+00  1.057E-02 6.173E-18  691.0   691  7.312E+05  2.140E-07  2.504E+05  9.545E+02   69.4   72.0    5.6    9.0    6.0    7.0   15.0   18.8   23.0
2019  3  3  62  0.00  695.0    7.0  124.0  2.610E+04  2.105E+00  8.472E-03 5.953E-18  691.0   691  7.112E+05  1.623E-07  2.487E+05  8.664E+02   69.4   72.0    5.6    9.0    6.0    7.0   15.0   18.8   23.0
2019  3  3  62  0.00  700.0    7.0  124.0  2.337E+04  1.734E+00  6.791E-03 5.746E-18  691.0   691  6.919E+05  1.231E-07  2.470E+05  7.865E+02   69.4   72.0    5.6    9.0    6.0    7.0   15.0   18.8   23.0
2019  3  3  62  0.00  705.0    7.0  124.0  2.093E+04  1.430E+00  5.446E-03 5.549E-18  691.0   691  6.730E+05  9.343E-08  2.453E+05  7.141E+02   69.4   72.0    5.6    9.0    6.0    7.0   15.0   18.8   23.0
2019  3  3  62  0.00  710.0    7.0  124.0  1.874E+04  1.179E+00  4.369E-03 5.364E-18  691.0   691  6.547E+05  7.093E-08  2.436E+05  6.485E+02   69.4   72.0    5.6    9.0    6.0    7.0   15.0   18.8   23.0
2019  3  3  62  0.00  715.0    7.0  124.0  1.679E+04  9.725E-01  3.506E-03 5.188E-18  691.0   691  6.370E+05  5.387E-08  2.419E+05  5.889E+02   69.4   72.0    5.6    9.0    6.0    7.0   15.0   18.8   23.0
2019  3  3  62  0.00  720.0    7.0  124.0  1.504E+04  8.023E-01  2.814E-03 5.022E-18  691.0   691  6.197E+05  4.093E-08  2.403E+05  5.349E+02   69.4   72.0    5.6    9.0    6.0    7.0   15.0   18.8   23.0
2019  3  3  62  0.00  725.0    7.0  124.0  1.348E+04  6.621E-01  2.259E-03 4.863E-18  691.0   691  6.029E+05  3.111E-08  2.386E+05  4.860E+02   69.4   72.0    5.6    9.0    6.0    7.0   15.0   18.8   23.0
2019  3  3  62  0.00  730.0    7.0  124.0  1.208E+04  5.466E-01  1.815E-03 4.713E-18  691.0   691  5.866E+05  2.365E-08  2.370E+05  4.415E+02   69.4   72.0    5.6    9.0    6.0    7.0   15.0   18.8   23.0
2019  3  3  62  0.00  735.0    7.0  124.0  1.083E+04  4.513E-01  1.458E-03 4.569E-18  691.0   691  5.708E+05  1.799E-08  2.354E+05  4.012E+02   69.4   72.0    5.6    9.0    6.0    7.0   15.0   18.8   23.0
2019  3  3  62  0.00  740.0    7.0  124.0  9.706E+03  3.728E-01  1.172E-03 4.432E-18  691.0   691  5.554E+05  1.369E-08  2.338E+05  3.646E+02   69.4   72.0    5.6    9.0    6.0    7.0   15.0   18.8   23.0
2019  3  3  62  0.00  745.0    7.0  124.0  8.703E+03  3.080E-01  9.420E-04 4.301E-18  691.0   691  5.405E+05  1.042E-08  2.322E+05  3.314E+02   69.4   72.0    5.6    9.0    6.0    7.0   15.0   18.8   23.0
